,TxHash,BlockHeight,TimeStamp,From,To,Value,ContractAddress,Input,isError
0,0xcd6e8d474f5136202bf786fd88f6df4c932f6875d22ef748b22cf878bbf7069b,5282554,1521452275,0xd551234ae421e3bcba99a0da6d736074f22192ff,0x23667058d0cd398ff8d25e015c86322644c7783d,0.60250289,,0x,0
1,0xabd8f58bb56507411e4937357f34ef3348cee9c27bb9357715815216f4c1b116,5282908,1521457186,0xd551234ae421e3bcba99a0da6d736074f22192ff,0x23667058d0cd398ff8d25e015c86322644c7783d,1.99,,0x,0
2,0xab23d9cb5c153b9f7be6fd3411d496cc876ca6eefb78f8c95a7bc4be15a3ca28,5283343,1521463910,0x23667058d0cd398ff8d25e015c86322644c7783d,0x3b72e7a10824734c9a503cc719901827e9d59a12,2.59206189,,0x,0
3,0x3a3af61815308d500fb67020ecc690c594a4d66331dd3d7bb75671103e7a8136,5283798,1521470648,0x4d2c480dcda128350bcf770160301ae207f9df15,0x23667058d0cd398ff8d25e015c86322644c7783d,2.0,,0x,0
4,0x65074b1388b135c200a9155358f191672a9bb8b85e83a983f9f2db5bb39436d5,5285190,1521490756,0x23667058d0cd398ff8d25e015c86322644c7783d,0x3b72e7a10824734c9a503cc719901827e9d59a12,1.999559,,0x,0
5,0x8b3afd24d11b660547eceea976cffa1e405143de9eb42f93924ba6cdfff7ee42,5285982,1521502114,0x3f5ce5fbfe3e9af3971dd833d26ba9b5c936f0be,0x23667058d0cd398ff8d25e015c86322644c7783d,1.34384845,,0x,0
6,0xf0b9409d00a369f0bdbd3703e7b0f43aa6879055dfc02666d43d9e08da1158f3,5287905,1521529919,0x564286362092d8e7936f0549571a803b203aaced,0x23667058d0cd398ff8d25e015c86322644c7783d,0.49,,0x,0
7,0x10fb7fe8abc594c3de2b821b2fd22cd42834fe3f29774a72f16e4f3713d5f42a,5287983,1521531035,0xd551234ae421e3bcba99a0da6d736074f22192ff,0x23667058d0cd398ff8d25e015c86322644c7783d,0.97361741,,0x,0
8,0xbc77e60d73a4bfd281274dd22d75fe0095ed6307ba2f8eac4f3c40cbf49d457b,5288356,1521536263,0xd551234ae421e3bcba99a0da6d736074f22192ff,0x23667058d0cd398ff8d25e015c86322644c7783d,0.4895,,0x,0
9,0x99570b1d1b885fcd216d505027ad066d95e8528feef65674a2e9e3f142f7b71b,5288868,1521544091,0x23667058d0cd398ff8d25e015c86322644c7783d,0xff7689739061088d2994b7d7b9b5ff655c2c8c15,0.2,,0x,0
10,0x44bc0f328c9f2b860106fddfa0f83b541736446610619504a0247cf4410cd1cc,5288987,1521545833,0x23667058d0cd398ff8d25e015c86322644c7783d,0xe85acf1ee25cec9e59ddee9ceb790cf75b16619f,3.09,,0x,0
11,0x11f4397ccfdb8eada3f3ead4b8ff1695cd147ba1d3acb3a9f1fba3a6e53f6f96,5289137,1521548186,0x0681d8db095565fe8a346fa0277bffde9c0edbbf,0x23667058d0cd398ff8d25e015c86322644c7783d,0.299519,,0x,0
12,0x5e9da9e89084a7d857e02d942ed42b8a8c3a6231cb1620ee1d53ec9db0951d96,5294534,1521626361,0xd551234ae421e3bcba99a0da6d736074f22192ff,0x23667058d0cd398ff8d25e015c86322644c7783d,0.4895,,0x,0
13,0x0b4f261f083c4ddc223852568212af41c84a8f0b156356a0dce0b3e32b67e86d,5294573,1521626866,0x32be343b94f860124dc4fee278fdcbd38c102d88,0x23667058d0cd398ff8d25e015c86322644c7783d,2.99,,0x,0
14,0x950a63e7f072db792b444072799fb819e3e4f23af152bc7d365a8af6ce9f8904,5294591,1521627196,0x267be1c1d684f78cb4f6a176c4911b741e4ffdc0,0x23667058d0cd398ff8d25e015c86322644c7783d,4.0,,0x,0
15,0x05eec212fbdb9710c4cfb5070330e9993736c0c3f96db43151466e81d827dda5,5294597,1521627315,0x9fcafcca8aec0367abb35fbd161c241f7b79891b,0x23667058d0cd398ff8d25e015c86322644c7783d,1.5,,0x,0
16,0x3452f135def733bd715099e4cf95e7e20339a9ab7b512fd99e9c0096c2be630c,5294601,1521627356,0x454889716ca0532f57618caab064f62ff56566fd,0x23667058d0cd398ff8d25e015c86322644c7783d,0.022,,0x,0
17,0x027d0dac1d6f08f3613911dc897816fa05993ede6fa292166e790b069461d40d,5294617,1521627567,0x2a7eae2a445985578e18cbb18ae4504480d51e62,0x23667058d0cd398ff8d25e015c86322644c7783d,0.005,,0x,0
18,0x616223230fb9107bb3cc390b4d253b909191b9b5a9d96e449c6fa0286aff85a9,5294651,1521627984,0xa0bb4ba19f578a63fa3f67adaf7bbca15ccadc45,0x23667058d0cd398ff8d25e015c86322644c7783d,0.029,,0x,0
19,0xaa62af61f5386b35ab3962abdfc897dcd9c0a60d8f1a31e8ff38f4e85e32e996,5294679,1521628367,0xa0bb4ba19f578a63fa3f67adaf7bbca15ccadc45,0x23667058d0cd398ff8d25e015c86322644c7783d,0.399,,0x,0
20,0xf06f973e6dc343fa2c1292205834efc7e7429b66a9d50c388a33491701773bdb,5294745,1521629266,0xe7707f6e095bbc948893723408d9ce17d2c39474,0x23667058d0cd398ff8d25e015c86322644c7783d,0.99,,0x,0
21,0x7473e5718ed268db0611b5137d64dd86890ee1aade0fff979a795d90646724d0,5294786,1521630109,0x23667058d0cd398ff8d25e015c86322644c7783d,0x3b72e7a10824734c9a503cc719901827e9d59a12,10.72966186,,0x,0
22,0x0bd7c2dffea74405afb3fa2465fa706455bd392aadf9a5aae2764d139d8dd43f,5294854,1521631205,0x22a6fb387d56a9eb4e28f67d53cc647025d3067c,0x23667058d0cd398ff8d25e015c86322644c7783d,0.28,,0x,0
23,0xef42b2310430324cba38ba509ab9865bdf0433811fc0c81d274a7af3a1879077,5294881,1521631669,0x9ddcb3de9e1eb6f395e8b2a810ca1a1cd280bc36,0x23667058d0cd398ff8d25e015c86322644c7783d,0.3,,0x,0
24,0xfb30a9bb7d19616aa3bb3ca9c5d13a1cbdded4e50ed60cafb27e1e49acffc392,5294973,1521633140,0x22a6fb387d56a9eb4e28f67d53cc647025d3067c,0x23667058d0cd398ff8d25e015c86322644c7783d,0.02,,0x,0
25,0x4bab489c0ea5df78195fd4e83c66e80ff21c8278948f7bf3663ce5744971c627,5295198,1521636323,0xd83684ab24fe03d84287af1b5e9b8567109273ce,0x23667058d0cd398ff8d25e015c86322644c7783d,0.726538,,0x,0
26,0xb108323c41c996d9d76db953f4569db17d8b2447859d8a7a20f68818f1df3883,5295520,1521641037,0x23667058d0cd398ff8d25e015c86322644c7783d,0xb33343d151640a01a89b92ed90d58ce048669ee1,0.0323,,0x,0
27,0x41655a1701fde2c662ca7507ced9cea84283c41c6c73b266c95dd97516e4c336,5297564,1521670319,0x23667058d0cd398ff8d25e015c86322644c7783d,0x3b72e7a10824734c9a503cc719901827e9d59a12,1.293272,,0x,0
