,TxHash,BlockHeight,TimeStamp,From,To,Value,ContractAddress,Input,isError
0,0xfde2900811f45ecc6338fca9078f4ea961bd7bc64f32b38ba05eb2243df0d800,5749530,1528403193,0x8d72b18d710028a70d7ab6a838ad5973974c226a,0x28a6d6e41fcca5b003f22ceba48aa689325dd62b,0.03,,0x,0
1,0x5ddb6c15aef1a04e8aa7e4365f9676b026ad24a204a3b567a4e6a4fee484f772,5750572,1528419281,0x416299aade6443e6f6e8ab67126e65a7f606eef5,0x28a6d6e41fcca5b003f22ceba48aa689325dd62b,0.606252,,0x,0
2,0x3d4ba21afe221ea143837dc74e851b667ef8c7b1e7027620848eae5bb57f8083,5750671,1528420865,0xcea937050ba938d3f2c5fd91957af2d0e124f139,0x28a6d6e41fcca5b003f22ceba48aa689325dd62b,3.1,,0x,0
3,0x24da6b1f21ad0380f8aa30a4ffaa23bbca96985150ab650ccbdcb94976beaec2,5753906,1528470210,0xf5bec430576ff1b82e44ddb5a1c93f6f9d0884f3,0x28a6d6e41fcca5b003f22ceba48aa689325dd62b,0.545,,0x,0
4,0x011e7c76a63033642b55472bef7b40b4187430e91f60f6e604f3d03e6d30c27e,5754760,1528482920,0x28a6d6e41fcca5b003f22ceba48aa689325dd62b,0xa970052e459bc8076d64643cb226c882519c946e,4.2805,,0x,0
5,0x7f14c12793e37c82d04573132e9b116a6791aaf4b433b63c36de967ffd966da5,5759402,1528553996,0xe3314bbf3334228b257779e28228cfb86fa4261b,0x28a6d6e41fcca5b003f22ceba48aa689325dd62b,0.505,,0x,0
6,0xa0c2834033ffffdf3273812ab2096372d6e80db9335c9054e1fb278780298d87,5759823,1528560343,0x0681d8db095565fe8a346fa0277bffde9c0edbbf,0x28a6d6e41fcca5b003f22ceba48aa689325dd62b,0.73000085,,0x,0
7,0x6f91205c31327dfa5ff10a70b0fa3eede26e65aeedf9b6dd330777947d6148b3,5759969,1528562611,0x3f5ce5fbfe3e9af3971dd833d26ba9b5c936f0be,0x28a6d6e41fcca5b003f22ceba48aa689325dd62b,0.61,,0x,0
8,0x30a658f452d8ffa21e9a59035e1a1616b5ff66ce5cd009e720c5f95b5a5138a7,5760029,1528563499,0xd551234ae421e3bcba99a0da6d736074f22192ff,0x28a6d6e41fcca5b003f22ceba48aa689325dd62b,0.536,,0x,0
9,0xe6453291759231117bf29903c304e05990ba4915d2d748090a31035769ea8e86,5761591,1528587669,0x9de1e19255cf3c585f2c7b494e455bbd0ab5df3d,0x28a6d6e41fcca5b003f22ceba48aa689325dd62b,0.0148934,,0x,0
10,0xf5784f20f72651dd6550bbb483d0bfb773b41504d3fe7e9c2be7a81d4ad06329,5761699,1528589460,0x94898150d7b6a09132d891484e9e118c68f2073a,0x28a6d6e41fcca5b003f22ceba48aa689325dd62b,4.99,,0x,0
11,0x9166060851913e66df2a3ac73f38412a66ba3e9fdd863f446b4646d01d379075,5761916,1528592982,0x0681d8db095565fe8a346fa0277bffde9c0edbbf,0x28a6d6e41fcca5b003f22ceba48aa689325dd62b,0.58294,,0x,0
12,0xb2c34f95db8b47a0f5421834cb8d4334c6f02ad7bfe88fda766165ec502bb171,5762076,1528595315,0x0b60378563aa556d8b2a23d63db83cbb12978044,0x28a6d6e41fcca5b003f22ceba48aa689325dd62b,0.5543279564799455,,0x,0
13,0x720ee166809f874a296b4a9363f3833df407e7e4ef889de201aaf3df1ba8e260,5762183,1528596730,0xd1c26e90c9c1f300b85f23bceb0a3f89a4b943ce,0x28a6d6e41fcca5b003f22ceba48aa689325dd62b,0.5,,0x,0
14,0xe879414b70fe5f9efa3441a45ed232e94ef06185356bbd302474f1e488c719dd,5762253,1528597863,0x6fd9c0c5ce3885e98e63705889c8748aa413986b,0x28a6d6e41fcca5b003f22ceba48aa689325dd62b,0.014467844,,0x,0
15,0x7b3fd73df2580000249e8d66a941a6da7df91a21cc969c59b61aab10a4da2450,5762302,1528598573,0x28a6d6e41fcca5b003f22ceba48aa689325dd62b,0xa970052e459bc8076d64643cb226c882519c946e,9.0374,,0x,0
16,0x3ea78d31f9036ef555607732fcaa8c187ec7f3c4c7c60fd11bdfa4f5b1e862ba,5762520,1528601870,0x10941ab535f9fba89125e644eb1c491ed2714068,0x28a6d6e41fcca5b003f22ceba48aa689325dd62b,0.55,,0x,0
17,0xe1004a6251d60aa7e404039b825fa0fc7e64fac5f4f2e33a0d26999c2b97c8a4,5762548,1528602378,0xa000786573e437901171b8bfa89b0f5c5d389121,0x28a6d6e41fcca5b003f22ceba48aa689325dd62b,5.0,,0x,0
18,0xaa039add69e4e281442d0cf1a46ca48ba77dbb47feeb595f36b12c76a25dd1db,5763120,1528610905,0x416299aade6443e6f6e8ab67126e65a7f606eef5,0x28a6d6e41fcca5b003f22ceba48aa689325dd62b,0.03387,,0x,0
19,0xa9e0e660007cbc0a48836b13edec395cb32b33ffe1838c592484479fceb83172,5763184,1528611978,0x2b50e968292b764f1702a434062a14341a74395f,0x28a6d6e41fcca5b003f22ceba48aa689325dd62b,0.5,,0x,0
20,0xe9f047e3ad194abbe6862fa97761c28cb7b60f29931fed3501eee58c8f74ca21,5763222,1528612679,0x23a88c67abca4fbdd9b864f15fb737c8412a55ea,0x28a6d6e41fcca5b003f22ceba48aa689325dd62b,0.5,,0x,0
21,0xeb01d74690ad3202f3feaf01324e56e46b8b878a758fe17b388c00ac73e5bfb3,5764768,1528636462,0xd85391256dc7097850eb7281afef81c46a500d28,0x28a6d6e41fcca5b003f22ceba48aa689325dd62b,0.5,,0x,0
22,0x58d0cfd6dd60ba43c61161d10cb71aeede1d490d959be21e6c8b619a8d9b4519,5765394,1528646018,0x28a6d6e41fcca5b003f22ceba48aa689325dd62b,0x909aac466640b09c41e85a01a692566273bd23cf,7.083,,0x,0
23,0xfceed2405948f8878654556f126d59ca9b2eb28e832f3432b9e1e8c3ac906d9d,5765990,1528655402,0x0df6538020c36010d7da4351982807aa9a67c6fa,0x28a6d6e41fcca5b003f22ceba48aa689325dd62b,1.0,,0x,0
24,0x22fb04e8ce34e4a22379f8e66b584810e58861f2baf93a77205ed521f03044f8,5766066,1528656493,0x0766ea6b441cd7556a5d9b2471380d5786f57789,0x28a6d6e41fcca5b003f22ceba48aa689325dd62b,10.0,,0x,0
25,0x24aab81be8ca8e9fe0405eacb9bc5fc73862102c03b93bbc32d979371fef5445,5766253,1528659474,0x28a6d6e41fcca5b003f22ceba48aa689325dd62b,0x909aac466640b09c41e85a01a692566273bd23cf,10.99991,,0x,0
26,0x908cbb885169074e4fb410e6d02512031422da96ac4b32cf3f1fe9535ea1c8e3,5766359,1528660948,0x48359b41d8a3f8fc73846ea1829b62016a158b34,0x28a6d6e41fcca5b003f22ceba48aa689325dd62b,0.5,,0x,0
27,0x271aabacfed06d13c4c373b289d53406df80e4694056641e1566536c1fd3900c,5766410,1528661706,0x28a6d6e41fcca5b003f22ceba48aa689325dd62b,0xf37448a0d9c5d976edcdf4544f4601e6b163c3c9,0.4995,,0x,0
