,TxHash,BlockHeight,TimeStamp,From,To,Value,ContractAddress,Input,isError
1,0x604292ef55fab2f646ebe52b1065d91c0f112c43a1e643d1e8a0255278a63421,1276647,1459797052,0x36a80f9f6015e36102449b933944c278191acd73,0x5a437d94843541d5cb83221a4a4b253de30b97b7,0.1,,0x,0
2,0xe5d4228876104e41eda9a5e0cef71f282f8eca3feb4245c829cd35e2f7404b49,1276686,1459797653,0x4552b43371333cc80c450cbc2b405f692dabf3e1,0x5a437d94843541d5cb83221a4a4b253de30b97b7,0.1,,0x,0
