,TxHash,BlockHeight,TimeStamp,From,To,Value,ContractAddress,Input,isError
2,0xd19ac4459e07858d46aa9f8aded261ba911a09876bc42ad209bdaa6bf2419fd6,3707323,1494794478,0x4dda0d458aaaf2cc8e129e733eb08fca7cc07499,0x9a2e9235f7a7ac7b899e5f3208fbb13c6985171a,0.1,,0x90d4bcc0,0
3,0x65e87df09e0b052d275ba7f427f87cee2a86da3b46ea8995db07dc035a37bb3a,3709566,1494830564,0x4dda0d458aaaf2cc8e129e733eb08fca7cc07499,0x9a2e9235f7a7ac7b899e5f3208fbb13c6985171a,0.02,,0x,1
4,0xa916a08836d7be521ec47be11106cb3d24e5952888a463745d4ac86437f9373c,3709574,1494830767,0x4dda0d458aaaf2cc8e129e733eb08fca7cc07499,0x9a2e9235f7a7ac7b899e5f3208fbb13c6985171a,0.02,,0x,0
5,0xe3d0dcdf16a07fb2933177fa97c0c32b36476e501b8ec9f6f92763b2e7615670,3709611,1494831316,0x9782b5d8345ecf22b2b9bcdf5aecb0da75b6e17e,0x9a2e9235f7a7ac7b899e5f3208fbb13c6985171a,0.01,,0x,0
7,0x3849ed4f820e244b19ffa77b302762e9b5566f1b99b317bf6af6709932b4ff17,3712643,1494879948,0x9782b5d8345ecf22b2b9bcdf5aecb0da75b6e17e,0x9a2e9235f7a7ac7b899e5f3208fbb13c6985171a,0.01,,0x,0
9,0x2a550678d3b55df415c3adde9dec34f87918ad7aeb75ad068f498b9c24deb091,3712835,1494883020,0x4dda0d458aaaf2cc8e129e733eb08fca7cc07499,0x9a2e9235f7a7ac7b899e5f3208fbb13c6985171a,5.13,,0x90d4bcc0,0
10,0xe456e9270d47ef970e897c8fb26de3af967759925072c4847bee87f10c58d1a1,3712842,1494883186,0x91f3d991e83a92681fa0c26d9db7fdef2eccdf5e,0x9a2e9235f7a7ac7b899e5f3208fbb13c6985171a,0.3451,,0x,0
11,0x68452ed64a6c6ceaf1d4f2c08367e1970044f0111686a3938d14f221fe2a4bfb,3714358,1494907003,0x9958626083493084d45f8178a5d2cd27d4ed5bfb,0x9a2e9235f7a7ac7b899e5f3208fbb13c6985171a,0.1003,,0x,0
12,0xaf89ba9d4400bc8a4556b689b4ca0fcb15ad0dd0e68978355633d3ef6334d3d7,3716415,1494940646,0x9958626083493084d45f8178a5d2cd27d4ed5bfb,0x9a2e9235f7a7ac7b899e5f3208fbb13c6985171a,0.115,,0x,0
13,0x9c5c07114ae67b542ca6725be700b5ef3e6d47a9995574fc373d62fced73a99a,3717511,1494957435,0x91f3d991e83a92681fa0c26d9db7fdef2eccdf5e,0x9a2e9235f7a7ac7b899e5f3208fbb13c6985171a,0.14,,0x,0
14,0x952a37d082035ec09bd88db2bda896a4b801ed991ca49b96847f58dfe3288428,3717744,1494960908,0x9958626083493084d45f8178a5d2cd27d4ed5bfb,0x9a2e9235f7a7ac7b899e5f3208fbb13c6985171a,0.725,,0x,0
15,0xc6621a153c5d1162f4ed7b345802425843887cf709623772260766df1f0bf239,3717798,1494961918,0x507c8e366cf42143617ad531b4958d8ddfb8d868,0x9a2e9235f7a7ac7b899e5f3208fbb13c6985171a,0.31,,0x,0
16,0xf07885024ac96a0c1355ee56b0e1446efa32fbf2d0f507f798953e0a21fcdb27,3717815,1494962170,0x507c8e366cf42143617ad531b4958d8ddfb8d868,0x9a2e9235f7a7ac7b899e5f3208fbb13c6985171a,0.45,,0x,0
17,0xb8214de54564905e75a43e52505836443ccc9a8875f3ed5ffa5f3c6839e5a6cf,3717848,1494962728,0x507c8e366cf42143617ad531b4958d8ddfb8d868,0x9a2e9235f7a7ac7b899e5f3208fbb13c6985171a,0.395,,0x,0
18,0x90d468ee20b4fda72b2872f67d037963bbf126a11d887da7939af7836a695406,3717855,1494962891,0x9782b5d8345ecf22b2b9bcdf5aecb0da75b6e17e,0x9a2e9235f7a7ac7b899e5f3208fbb13c6985171a,0.15,,0x,0
19,0xfbf90c0644a8127d4c5f99be9069e453b5d27b1306451fcdcec89c0a77c8deb1,3717867,1494963043,0x9958626083493084d45f8178a5d2cd27d4ed5bfb,0x9a2e9235f7a7ac7b899e5f3208fbb13c6985171a,0.225,,0x,0
20,0x63f24bf3258426e643b03f1890bbf5ac08db38da7288f7b2d44ca1e5aad4d9bc,3717905,1494963551,0x91f3d991e83a92681fa0c26d9db7fdef2eccdf5e,0x9a2e9235f7a7ac7b899e5f3208fbb13c6985171a,0.5,,0x,0
21,0x0606bdd62ac37aab2a2f96159dc800d2d0d41cf4aa0aa2d4009c1b27b020c47f,3717930,1494964048,0x507c8e366cf42143617ad531b4958d8ddfb8d868,0x9a2e9235f7a7ac7b899e5f3208fbb13c6985171a,0.25,,0x,0
22,0x1d812ac25d5093ff26b2895c6129a6b3a4dd04e5e793012020e0cea481a1e2ff,3717964,1494964674,0x91f3d991e83a92681fa0c26d9db7fdef2eccdf5e,0x9a2e9235f7a7ac7b899e5f3208fbb13c6985171a,0.3,,0x,0
23,0xec36eda7730b23bcf73d69054bd1529aaa75655f1a770d788a216ad896a8c136,3717993,1494965052,0xeb4690c8b24243fdaaea1b017e6dad9aacaaa08e,0x9a2e9235f7a7ac7b899e5f3208fbb13c6985171a,1.5,,0x,1
24,0xee826828ffe8141cf266011ef4a66fe2b5eefb861d9e679de12057857220fe03,3717996,1494965157,0xeb4690c8b24243fdaaea1b017e6dad9aacaaa08e,0x9a2e9235f7a7ac7b899e5f3208fbb13c6985171a,1.5,,0x,0
25,0xd3107bc783addffd93b60dde58865092e14fafe2f76a09e310824254794daaa2,3718005,1494965328,0x507c8e366cf42143617ad531b4958d8ddfb8d868,0x9a2e9235f7a7ac7b899e5f3208fbb13c6985171a,0.2,,0x,0
26,0x48807a0b7783c9d7f6cfabc50ab90d9475c8e6efc06b226fc9329d865f052e6c,3718011,1494965386,0xeb4690c8b24243fdaaea1b017e6dad9aacaaa08e,0x9a2e9235f7a7ac7b899e5f3208fbb13c6985171a,0.25,,0x,0
27,0xbaad704b0e2008cc4d223e35476e15e615d095dc8a3700d1603bd5eca024bef2,3718015,1494965507,0xeb4690c8b24243fdaaea1b017e6dad9aacaaa08e,0x9a2e9235f7a7ac7b899e5f3208fbb13c6985171a,0.15,,0x,0
28,0x5027df972e70d8406da5b8e11e277d8ba851af667b89dc6f762bb5242a203d1d,3718031,1494965663,0x4dda0d458aaaf2cc8e129e733eb08fca7cc07499,0x9a2e9235f7a7ac7b899e5f3208fbb13c6985171a,0.01,,0x,0
29,0x292b80f207d0c135517c14e6cc5df6c3f997df74e54d59759e1ef3cb43775a52,3718049,1494965924,0x507c8e366cf42143617ad531b4958d8ddfb8d868,0x9a2e9235f7a7ac7b899e5f3208fbb13c6985171a,1.05,,0x,0
30,0x01758374b9dd9fc4827a8008ee396758cefd18bd50ef5afd69902e707554a9bc,3718056,1494966034,0x4dda0d458aaaf2cc8e129e733eb08fca7cc07499,0x9a2e9235f7a7ac7b899e5f3208fbb13c6985171a,2.6,,0x90d4bcc0,0
31,0x9cb32bde755a06d7ad392344491759a18391daf08bce7988389d1d8ef9d02142,3718105,1494966664,0x9958626083493084d45f8178a5d2cd27d4ed5bfb,0x9a2e9235f7a7ac7b899e5f3208fbb13c6985171a,0.13,,0x,0
32,0x2014168c7ac07a48c0934808161984cc057edefc8a598c0687319f60a1dae3d6,3718155,1494967593,0x4dda0d458aaaf2cc8e129e733eb08fca7cc07499,0x9a2e9235f7a7ac7b899e5f3208fbb13c6985171a,3.0,,0x90d4bcc0,0
33,0x9b158bc1542b668388cea7034ca31dfaf30afb2b1741563c2f42d642c30c79c0,3720516,1495006112,0xa82446df8eec33acc2a88cf61044f0ce9e561077,0x9a2e9235f7a7ac7b899e5f3208fbb13c6985171a,0.5,,0x,0
34,0xfc613eca48024faad5b255fdd10fb8af94443693572ab198e0307b2c63ae51fa,3721189,1495017260,0x9958626083493084d45f8178a5d2cd27d4ed5bfb,0x9a2e9235f7a7ac7b899e5f3208fbb13c6985171a,0.25,,0x,0
35,0x2c50ce5b9a10310a0b3d7965316133d4f4c7c908813d96faf5e01aa1747f4544,3721190,1495017267,0x9958626083493084d45f8178a5d2cd27d4ed5bfb,0x9a2e9235f7a7ac7b899e5f3208fbb13c6985171a,0.25,,0x,0
36,0x1c1aade7eb4eef6903b2f33bcb7c2a5d313f11d6b15610d1324fc8288f38756d,3721332,1495019326,0x00b9deca66b54ed218cf23dfe3d4fe8c62db8e89,0x9a2e9235f7a7ac7b899e5f3208fbb13c6985171a,1.0,,0x,0
37,0x0567b69845718294d36be433110e96d83075daa9d7deb804ce387f1b2f4895ca,3721360,1495019960,0x00b9deca66b54ed218cf23dfe3d4fe8c62db8e89,0x9a2e9235f7a7ac7b899e5f3208fbb13c6985171a,0.5,,0x,0
38,0xee117b6a5cdf86cf0e9244a05210b758c566cce535766892b3a48dc037b87cea,3722548,1495038960,0xeb4690c8b24243fdaaea1b017e6dad9aacaaa08e,0x9a2e9235f7a7ac7b899e5f3208fbb13c6985171a,1.6,,0x,0
39,0x41da9aa59e2d030309a2880b01b4f21e5755633508d798475ae00df5fbacee8d,3722573,1495039436,0x7a229b07f69c1dd4cdd620138e4faf06aca311b2,0x9a2e9235f7a7ac7b899e5f3208fbb13c6985171a,0.5,,0x,0
40,0xba4cfdc63b42f6e50d622396851c456297449d1686bf21c10ab2e8fe1872ab47,3722707,1495041308,0x9782b5d8345ecf22b2b9bcdf5aecb0da75b6e17e,0x9a2e9235f7a7ac7b899e5f3208fbb13c6985171a,0.15,,0x,0
41,0x35c24d9571ad19414909f20e3a373773e7f464c15c953788a3f9a006da6aecfc,3722924,1495044412,0x507c8e366cf42143617ad531b4958d8ddfb8d868,0x9a2e9235f7a7ac7b899e5f3208fbb13c6985171a,1.5,,0x,0
42,0xc9e2af36a986b1eafdbdfae9b87fbf37bf327c5e92101d252b597ac16c42041b,3722929,1495044494,0x507c8e366cf42143617ad531b4958d8ddfb8d868,0x9a2e9235f7a7ac7b899e5f3208fbb13c6985171a,1.5,,0x,0
43,0xcd420c8b7e485847b9d6619f762b629a2e508e1549be6cbf33ea49cffaedd768,3723212,1495049093,0x9fa6ebb595d149f437ee668f0c313eb7c272c6f7,0x9a2e9235f7a7ac7b899e5f3208fbb13c6985171a,0.1,,0x,0
44,0x9c17081b6c370ac97510344cb15b64a9f24c35585e7c7bab9f931a1df893dc7a,3723351,1495051256,0xeb4690c8b24243fdaaea1b017e6dad9aacaaa08e,0x9a2e9235f7a7ac7b899e5f3208fbb13c6985171a,2.6,,0x,0
45,0xcdfc8ce222810ccfec6a92cd67de35dd74a3f5895985a35c85bc3c25a9254ace,3723355,1495051421,0x12bcef85f558e7ce7ca2532a02b52b30a523e566,0x9a2e9235f7a7ac7b899e5f3208fbb13c6985171a,1.0,,0x,0
46,0x17979d22363cac0055c6a7315a32be0d53cc7d1d40624893549f04f3b8f07193,3723366,1495051564,0x507c8e366cf42143617ad531b4958d8ddfb8d868,0x9a2e9235f7a7ac7b899e5f3208fbb13c6985171a,0.55,,0x,0
47,0xf75f570c8d32798767eb4886014ed1b08aa411f97215b410224c630db5f43d96,3723371,1495051741,0xeb4690c8b24243fdaaea1b017e6dad9aacaaa08e,0x9a2e9235f7a7ac7b899e5f3208fbb13c6985171a,0.7001,,0x,0
48,0xdd53b1af986389274f31bb93a6ffec67198b09744e1d0afb3f2e52445ee008c3,3723381,1495051868,0x9958626083493084d45f8178a5d2cd27d4ed5bfb,0x9a2e9235f7a7ac7b899e5f3208fbb13c6985171a,1.0,,0x,0
49,0xda8fac2e64fc240964040ac446d05ca021712bc43778fdb9362503859de0da4e,3723388,1495051947,0x507c8e366cf42143617ad531b4958d8ddfb8d868,0x9a2e9235f7a7ac7b899e5f3208fbb13c6985171a,0.3,,0x,0
50,0x4a7e6bf36496e8c5194dd90049700eabcf9ddf8bb29b2a3b3c510c2850d36d30,3723394,1495052065,0x4dda0d458aaaf2cc8e129e733eb08fca7cc07499,0x9a2e9235f7a7ac7b899e5f3208fbb13c6985171a,0.01,,0x,0
51,0xddc5d2a0f8161530cf1ae952a5646c8217d93eba1256f0a0123cc7b277d412dd,3723405,1495052309,0x507c8e366cf42143617ad531b4958d8ddfb8d868,0x9a2e9235f7a7ac7b899e5f3208fbb13c6985171a,1.15,,0x,0
52,0xb2d824bb7c1b9abe41091efcd02da257fe442b4fbac0f66298764edf29d5d521,3723417,1495052516,0x9958626083493084d45f8178a5d2cd27d4ed5bfb,0x9a2e9235f7a7ac7b899e5f3208fbb13c6985171a,0.5,,0x,0
53,0xd8d66fccd4b8f050c5415daf94268ae265c34f753975e1526b93e64287053f0c,3723467,1495053453,0x4dda0d458aaaf2cc8e129e733eb08fca7cc07499,0x9a2e9235f7a7ac7b899e5f3208fbb13c6985171a,4.0,,0x90d4bcc0,0
54,0x75e426d86c0cee32aab1505b5c66fb0b2324f69e16e3dc42f16d5e8caf0c0f77,3723468,1495053463,0x156620e6a114c3ddf5124dab4cbe79e775b4f32d,0x9a2e9235f7a7ac7b899e5f3208fbb13c6985171a,0.01,,0x,0
55,0x892fb004fd5e7803c43f598696235765dbf6b2d8d21697b704b4af349d289e50,3723514,1495054179,0x507c8e366cf42143617ad531b4958d8ddfb8d868,0x9a2e9235f7a7ac7b899e5f3208fbb13c6985171a,0.5,,0x90d4bcc0,1
56,0xe125c3cef0eefe3b3bbe1e768665890110f9b55b88dc9504b7c48e7b1094ac75,3723549,1495054822,0x12bcef85f558e7ce7ca2532a02b52b30a523e566,0x9a2e9235f7a7ac7b899e5f3208fbb13c6985171a,0.35,,0x,0
57,0x4e761eb14ca8fc45eb1e4ee2aa93215bf65dada4424a6e39239515ef39410116,3723958,1495061403,0x7a229b07f69c1dd4cdd620138e4faf06aca311b2,0x9a2e9235f7a7ac7b899e5f3208fbb13c6985171a,0.1,,0x,0
58,0x22b93da6bf4168a370c168dbea4e843520de8dd90d7271839277eb1ccc95148b,3724068,1495063178,0xd35f9408537b1e6cbf8a5016d62e3b6234ae7b74,0x9a2e9235f7a7ac7b899e5f3208fbb13c6985171a,1.15,,0x,0
59,0xdf10f7af78eec71ff2adb81c77212858b4501d33017fa56a120aad2c188237d1,3725179,1495080395,0xeb4690c8b24243fdaaea1b017e6dad9aacaaa08e,0x9a2e9235f7a7ac7b899e5f3208fbb13c6985171a,1.55,,0x,0
60,0x3e83da0181f5670b05d62f4fdf13634dab7ae4e9d63a740dbeaead4fa9105049,3725188,1495080530,0x9958626083493084d45f8178a5d2cd27d4ed5bfb,0x9a2e9235f7a7ac7b899e5f3208fbb13c6985171a,1.3,,0x,0
61,0x7a953cdf3333dd6ef4414230d241ab417d039e908e06833f9f48d8c70e2b7589,3726236,1495097649,0xfd01dd90516936cf97b66dfd913e2b528163b64b,0x9a2e9235f7a7ac7b899e5f3208fbb13c6985171a,0.294,,0x,0
62,0x7e5a2632f4a4b63b79f8c0da4d46a5dffe6e6855117b6fac6d4e416dd377e1f8,3727280,1495113791,0x2319db8503d21d919c8d6945f3e8aacb93df75ff,0x9a2e9235f7a7ac7b899e5f3208fbb13c6985171a,0.1,,0x,0
63,0x6ff6216162ea996d1a800cb83f6268e356415d311c5b9b65b59b710637c77636,3727289,1495113979,0x2319db8503d21d919c8d6945f3e8aacb93df75ff,0x9a2e9235f7a7ac7b899e5f3208fbb13c6985171a,1.3,,0x,0
64,0x180fada10231dc2c77a705d7680c6188034fb593aa696149b34342cd10bd54d4,3727433,1495116740,0xb3f4c4292d1fa192f886283c4fd757371e95925f,0x9a2e9235f7a7ac7b899e5f3208fbb13c6985171a,0.5,,0x,0
65,0x7cd816150c48198f502b7ca9b7b71a75a51911a8f03e4ecea7c2f599d4835beb,3727464,1495117220,0xb3f4c4292d1fa192f886283c4fd757371e95925f,0x9a2e9235f7a7ac7b899e5f3208fbb13c6985171a,0.5,,0x,0
66,0xa8ebccdf0c8a5ea5dc55a8b6409c33e47045e77cd8883367cddc1abf400ffc47,3727859,1495123212,0x507c8e366cf42143617ad531b4958d8ddfb8d868,0x9a2e9235f7a7ac7b899e5f3208fbb13c6985171a,1.0,,0x,0
67,0x217cb8219e41f7e36a895dcbe95131cc34db06e5447d05785c19e849df58a5e1,3728026,1495125833,0xaf7d4b12bf8f32c2b4b835f72899fff1cd63e8e5,0x9a2e9235f7a7ac7b899e5f3208fbb13c6985171a,0.59,,0x,0
68,0x30eb49bfd3164cd1df737fb6d8dc639b58f7f3ae399b1bf933e60b616be50593,3728237,1495129026,0xcc887d20554280530c10ff78463914d0f5c00fb9,0x9a2e9235f7a7ac7b899e5f3208fbb13c6985171a,1.075,,0x,0
69,0x0d69afb9ee599569379d79374c7739da28eb7215fbfcfdcc8203958bdd450d21,3728269,1495129602,0xeb4690c8b24243fdaaea1b017e6dad9aacaaa08e,0x9a2e9235f7a7ac7b899e5f3208fbb13c6985171a,0.3,,0x,0
70,0x5a88ede1a22fcb8b6ef69caa5bd55782ec2081f354e669ca18d123248a7619da,3728285,1495129862,0xdc99f22bdb0f9b7a2a837c80752ffcc845eea340,0x9a2e9235f7a7ac7b899e5f3208fbb13c6985171a,1.589,,0x,0
71,0x13829a61d5ceb353044a8d62b2985539440127898e2347fbf2ee1b11e03d2474,3728386,1495131311,0x09a2bff33b3c6eb190ecf8eedf26364e26bf7aa6,0x9a2e9235f7a7ac7b899e5f3208fbb13c6985171a,0.24,,0x,1
72,0x48442baabc050319acf2d7c0bacd9f90e0937e3e9ebe37cf66d3c0afbb7d70ae,3728415,1495131838,0xfb9197a87fe318a7e498b38711e84ba1a6bd1800,0x9a2e9235f7a7ac7b899e5f3208fbb13c6985171a,0.6,,0x,0
73,0x86d2951cb23a2b166519fb5e1fbf73376a417ebdd956c17908fd7dfee5eba210,3728429,1495132068,0x09a2bff33b3c6eb190ecf8eedf26364e26bf7aa6,0x9a2e9235f7a7ac7b899e5f3208fbb13c6985171a,0.242,,0x,0
74,0x47bdf3197098fe109eaa05ccf5b27d8d0c5f11dce1a309e3c59a528d61167497,3728471,1495132798,0xfb9197a87fe318a7e498b38711e84ba1a6bd1800,0x9a2e9235f7a7ac7b899e5f3208fbb13c6985171a,0.8,,0x,0
75,0xb8a0cf1310fb5232a0e5f2f77a004beb69cf6e26df815a23e04b73d51bb7429d,3728494,1495133252,0x6f7bc18dd9cea155f65f699069be4f0d5b8689e5,0x9a2e9235f7a7ac7b899e5f3208fbb13c6985171a,0.732,,0x,0
76,0x0d8f2f16b7517422c7dc24174399d1db5cf7a100c7efab6e22ad5b1a69b7a827,3728535,1495134013,0xfb9197a87fe318a7e498b38711e84ba1a6bd1800,0x9a2e9235f7a7ac7b899e5f3208fbb13c6985171a,0.63,,0x,0
77,0x7e133ab8cd45b8aa0fc7e5946a6e86b95f3436091d16f9536c43643fd7b3dc8b,3728572,1495134692,0x6f7bc18dd9cea155f65f699069be4f0d5b8689e5,0x9a2e9235f7a7ac7b899e5f3208fbb13c6985171a,0.202,,0x,0
78,0xa37a020ae25b0fc26f168517583ff37062f718279b854fc81ffc81162c079f10,3728737,1495136802,0xe06ee6ebad4df7589676ff1cbcebb5f64fbfab5b,0x9a2e9235f7a7ac7b899e5f3208fbb13c6985171a,2.85,,0x,0
79,0x144e86e6ab95e70636b5c707408b442275434a3db3ba97a9d5ba105bb39b7cf4,3728786,1495137657,0xb3f4c4292d1fa192f886283c4fd757371e95925f,0x9a2e9235f7a7ac7b899e5f3208fbb13c6985171a,2.2,,0x,0
80,0x02897ab2bfbe6ab140c92b19ac0102a53ed1f51ea863d39d68943ad1e042a049,3728800,1495137801,0xe06ee6ebad4df7589676ff1cbcebb5f64fbfab5b,0x9a2e9235f7a7ac7b899e5f3208fbb13c6985171a,0.5,,0x,0
81,0xf55ec172ba67fd7a647e410c0968fb3b378b225ade32b935e957d361a10ee023,3728838,1495138279,0xb3f4c4292d1fa192f886283c4fd757371e95925f,0x9a2e9235f7a7ac7b899e5f3208fbb13c6985171a,1.8,,0x,0
82,0x831b4d5effcac55b8374b57659a221f1b8e861a1228f27a172275ba5a585dbec,3728838,1495138279,0xe06ee6ebad4df7589676ff1cbcebb5f64fbfab5b,0x9a2e9235f7a7ac7b899e5f3208fbb13c6985171a,0.5,,0x,0
83,0x109ff285633d2062a6614109cfcd505bc256a4f82cf56ecafec07c149a8bb330,3728840,1495138306,0xe06ee6ebad4df7589676ff1cbcebb5f64fbfab5b,0x9a2e9235f7a7ac7b899e5f3208fbb13c6985171a,0.5,,0x,0
84,0xe5b85b4c8423cd88a1345f9c0079bfa7340d999727498b2092022d973b5b7bd0,3728840,1495138306,0xe06ee6ebad4df7589676ff1cbcebb5f64fbfab5b,0x9a2e9235f7a7ac7b899e5f3208fbb13c6985171a,1.5,,0x,0
85,0xce99c36e630fa639d4faf4cb1f5de8be748d7b902b27fb44e42c24db85242d4b,3728843,1495138347,0xb3f4c4292d1fa192f886283c4fd757371e95925f,0x9a2e9235f7a7ac7b899e5f3208fbb13c6985171a,2.0,,0x,0
86,0x55e0d7ec79ec925dd1d5ed794e9cf138bae64a5a5fdec04be7373c44af3c11cc,3728843,1495138347,0xe06ee6ebad4df7589676ff1cbcebb5f64fbfab5b,0x9a2e9235f7a7ac7b899e5f3208fbb13c6985171a,1.5,,0x,0
87,0x1bc21e9519bfe906ec75c392365241a22d29d2b35002a6abc55f460e3ce48d28,3728843,1495138347,0xe06ee6ebad4df7589676ff1cbcebb5f64fbfab5b,0x9a2e9235f7a7ac7b899e5f3208fbb13c6985171a,1.0,,0x,0
88,0x59bab54bd0ea937251b218cc928aeda5db48aa7716921fcb0d252871387efb61,3728844,1495138360,0xe06ee6ebad4df7589676ff1cbcebb5f64fbfab5b,0x9a2e9235f7a7ac7b899e5f3208fbb13c6985171a,1.0,,0x,1
89,0x9f23a7abed3417b12ba0ac6d5403d875a2d67fbf7174eb8c1d47083b432225be,3728855,1495138508,0x4dda0d458aaaf2cc8e129e733eb08fca7cc07499,0x9a2e9235f7a7ac7b899e5f3208fbb13c6985171a,0.01,,0x,1
90,0xa51601180d08f92dcbb4bd18abe67657fe1a27f87ed0487c51e99354edec175b,3728862,1495138585,0x4dda0d458aaaf2cc8e129e733eb08fca7cc07499,0x9a2e9235f7a7ac7b899e5f3208fbb13c6985171a,0.01,,0x,0
91,0xae23993e5be30115df743d87188acfb73fadff146337aea4480a12ba5fa65955,3728881,1495138844,0xfb9197a87fe318a7e498b38711e84ba1a6bd1800,0x9a2e9235f7a7ac7b899e5f3208fbb13c6985171a,0.5,,0x,0
92,0x88d6263561ea073a8a724df6858d3d03c28ce2e051d9112d738180f0df8b4da9,3728903,1495139122,0xeb4690c8b24243fdaaea1b017e6dad9aacaaa08e,0x9a2e9235f7a7ac7b899e5f3208fbb13c6985171a,1.25,,0x,0
93,0x5fdea604522e563d720e2da4d46c98840ad97e8ce4650b51421b27c88845c0b4,3728939,1495139568,0x507c8e366cf42143617ad531b4958d8ddfb8d868,0x9a2e9235f7a7ac7b899e5f3208fbb13c6985171a,2.5,,0x,0
94,0x6d5f7df2f822a0fc1692bffcd67e534884171d752f321feb1ad77b77ab7790d4,3729467,1495148140,0xec928ad34d46e9f8e60f66c737100ef091a8c687,0x9a2e9235f7a7ac7b899e5f3208fbb13c6985171a,0.1,,0x,0
95,0xd431e327598be0aaf343239121f36949d4a8c48102cc87823c33508ded3a49d7,3731061,1495173569,0xdc99f22bdb0f9b7a2a837c80752ffcc845eea340,0x9a2e9235f7a7ac7b899e5f3208fbb13c6985171a,0.62,,0x,0
96,0x548872265966ea30d82d42a546c9afe03e90123d478f94822d269d5e7c82acf7,3731260,1495176744,0x2319db8503d21d919c8d6945f3e8aacb93df75ff,0x9a2e9235f7a7ac7b899e5f3208fbb13c6985171a,0.6301,,0x,0
97,0xe5ccc0d690d713780bbffa60970700b45a8048dc971f02ffaf2d0f337f02ea87,3731312,1495177463,0x12bcef85f558e7ce7ca2532a02b52b30a523e566,0x9a2e9235f7a7ac7b899e5f3208fbb13c6985171a,0.241,,0x,0
98,0xc805dc53d03fbb2c4510232749c18d7e41b4f8cabf8b5636712e6d7657a10a71,3731550,1495181196,0xaf7d4b12bf8f32c2b4b835f72899fff1cd63e8e5,0x9a2e9235f7a7ac7b899e5f3208fbb13c6985171a,0.93,,0x,0
99,0x34d74b8c05b9aeec5b181543ee84a039e79cdb229d229a861a078b6360e558f4,3731744,1495184138,0xcc887d20554280530c10ff78463914d0f5c00fb9,0x9a2e9235f7a7ac7b899e5f3208fbb13c6985171a,0.4,,0x,0
100,0x466c6f0b980e6366e7ae09ace5d7a3d0d167e2c9657fdc00ca3058cb93fc9153,3731799,1495185125,0xeb4690c8b24243fdaaea1b017e6dad9aacaaa08e,0x9a2e9235f7a7ac7b899e5f3208fbb13c6985171a,1.15,,0x,0
101,0x23749fcee928072493eb1397bb0350b6b0f853f6edb7b1f50f30122d04f29467,3731870,1495186282,0xeb0cf4e00b48453907e8e9b8ee9121175c3e9fec,0x9a2e9235f7a7ac7b899e5f3208fbb13c6985171a,2.0,,0x,0
102,0xd5290010ec33cd71b24d2e79d8424750c6e85be00ced0e6c45f9a20125c3f17c,3732010,1495188815,0xe06ee6ebad4df7589676ff1cbcebb5f64fbfab5b,0x9a2e9235f7a7ac7b899e5f3208fbb13c6985171a,2.95,,0x,0
103,0xc28a20efb05ae320802826cbc47d4ff6058b1067d1bdc8af73b17d84d6667124,3732824,1495202249,0xfad06db67aa7a2743fd4d77f45f5d78833b9fc09,0x9a2e9235f7a7ac7b899e5f3208fbb13c6985171a,0.1,,0x,0
104,0x4e7bd571ad1bda63efb6a981a4a455f8424df406279ba6d89d243be44f4f372c,3733424,1495211293,0xeb4690c8b24243fdaaea1b017e6dad9aacaaa08e,0x9a2e9235f7a7ac7b899e5f3208fbb13c6985171a,2.0,,0x,0
105,0xa459c0ce060122e0df398eb89bcad2a83bb941dc877a9806349be5e3d4a82058,3733929,1495218992,0x507c8e366cf42143617ad531b4958d8ddfb8d868,0x9a2e9235f7a7ac7b899e5f3208fbb13c6985171a,0.1,,0x,0
106,0x240e1dbba432605672d9bec7837239227216612ee7684d3263532c7ed5edc7ce,3733929,1495218992,0x507c8e366cf42143617ad531b4958d8ddfb8d868,0x9a2e9235f7a7ac7b899e5f3208fbb13c6985171a,0.3,,0x,0
107,0x6b25a7488874f05e6ac97ea006a7d6ccc781cb3fe1df97052ec342865c5ced01,3734208,1495223505,0xc22a649a25ea432caa29d034b74cbbdfa8b8894d,0x9a2e9235f7a7ac7b899e5f3208fbb13c6985171a,0.5,,0x,0
108,0xa65485039d87f83e7b75c0ae3f16b3561e689b88ce39643123d85cf362db4444,3734209,1495223572,0x3125f097e64390690d34d4e012015ebb71cf36fd,0x9a2e9235f7a7ac7b899e5f3208fbb13c6985171a,0.1,,0x,1
109,0xab0d64597189e4117f59ba9d10521362738d712f365ae17d1092ba0bcf8173c0,3734211,1495223644,0x3125f097e64390690d34d4e012015ebb71cf36fd,0x9a2e9235f7a7ac7b899e5f3208fbb13c6985171a,0.1,,0x,1
110,0x8b3f8b5e5408c5091d81366358652ed076a2313d3b8d427e68c6f4c83eb75aa6,3734226,1495223911,0x3125f097e64390690d34d4e012015ebb71cf36fd,0x9a2e9235f7a7ac7b899e5f3208fbb13c6985171a,0.15,,0x,0
111,0x6d3c2ab5f1e13d431b33dfaef753e9dca59c65501e09a0fe0d32d9cd624641c5,3734262,1495224411,0xe71979c345bf7c0a4e3fe350cf0fd186470d4ddc,0x9a2e9235f7a7ac7b899e5f3208fbb13c6985171a,0.1,,0x,0
112,0x161b3c10fb65ee481f8aa9cd2c64dbfd0f9f51c5c82dcda272fce703ad38b5a1,3734265,1495224477,0xeb4690c8b24243fdaaea1b017e6dad9aacaaa08e,0x9a2e9235f7a7ac7b899e5f3208fbb13c6985171a,0.5,,0x,0
113,0x21eb1585b8a69a01a1e7cc441074e8ba631320b29724b7629c71927a50211476,3734269,1495224560,0xc22a649a25ea432caa29d034b74cbbdfa8b8894d,0x9a2e9235f7a7ac7b899e5f3208fbb13c6985171a,1.15,,0x,0
114,0xf3b0fc6f0fe3f03d7fddfb8c990e2d67d84ce99a644351db66e12441f65f508c,3734273,1495224648,0xeb0cf4e00b48453907e8e9b8ee9121175c3e9fec,0x9a2e9235f7a7ac7b899e5f3208fbb13c6985171a,2.0,,0x,0
115,0x3bd50501543c6e0c52cbacb252b20cbe28f3904e029fd0b203a22f80765fd357,3734282,1495224799,0x4dda0d458aaaf2cc8e129e733eb08fca7cc07499,0x9a2e9235f7a7ac7b899e5f3208fbb13c6985171a,0.01,,0x,0
116,0xbde60531e2f86098d7258fc7fd4a57b4fd8e11f5fbfeb736fecd12e8e3c4cf55,3734295,1495224989,0xc22a649a25ea432caa29d034b74cbbdfa8b8894d,0x9a2e9235f7a7ac7b899e5f3208fbb13c6985171a,0.5,,0x,0
117,0x0301ecfcc86c15e3fc4fa491c89293ea022b9a700c00ac5f73d5bcd17f3c2c86,3734307,1495225182,0x14da2ce13bc280173791e2d5ca69c82a3554a34f,0x9a2e9235f7a7ac7b899e5f3208fbb13c6985171a,0.41,,0x,0
118,0x0b11ba2ae6ca2d3a57070036c91099ab089dff929aa63b504845aeef3d43d7ba,3734344,1495225879,0x8878f8b0be5b11620dd7adfd0eb9a7673e07c98f,0x9a2e9235f7a7ac7b899e5f3208fbb13c6985171a,0.95,,0x,0
119,0x4df2410c16d59d7afe4db2b2a9c0f1ed2de08a70e00c4ca0f5bcfa5ea72906e7,3734474,1495227834,0xfad06db67aa7a2743fd4d77f45f5d78833b9fc09,0x9a2e9235f7a7ac7b899e5f3208fbb13c6985171a,0.1,,0x,0
120,0x01c35318950475eb6d5c4ae2a755aaffbd16f96da2df7010faf70e6cb16072b3,3734511,1495228470,0x8be1e5bc0451603dbdb77e55b846a66078810c52,0x9a2e9235f7a7ac7b899e5f3208fbb13c6985171a,0.108401354,,0x,0
121,0x267fef42faa58cd137d3e12a8ffd1e62912aed74ae45758e94dba8d3608d287b,3734989,1495236654,0xcb5e6e8f3c52319b0785bea9bc2f0f6240f0e43b,0x9a2e9235f7a7ac7b899e5f3208fbb13c6985171a,0.035,,0x,1
122,0xdac41b200aa08b0dec4a2f014e799930eb70e7cc582da930067482749537b8dd,3735040,1495237362,0x72ef20e09c566eeac730aeb4f6aba25985de400a,0x9a2e9235f7a7ac7b899e5f3208fbb13c6985171a,0.515427262,,0x,0
123,0x7572f26a691cf2a730aa60a17a78bda66ed9bb5ee39a4e656387836878e16352,3735191,1495239347,0x15c77d42756f61252dabdc67620ffcdbad84cd7e,0x9a2e9235f7a7ac7b899e5f3208fbb13c6985171a,0.3,,0x,0
124,0xcb39f4a0e8f93a46f1789de26cf5d5e98357750ea2c39066d7aaf7b399362ae1,3735203,1495239579,0x6df17c31a8a6ba9e735d9fdca59eb05fcf9c7cf5,0x9a2e9235f7a7ac7b899e5f3208fbb13c6985171a,0.1,,0x,0
125,0xec2bee8b98f8816e1ef611b60f1f4fd4dc79cfd78e75f163d155710c58a26a9d,3735376,1495242605,0xcb5a0bc5efc931c336fa844c920e070e6fc4e6ee,0x9a2e9235f7a7ac7b899e5f3208fbb13c6985171a,0.1,,0x,0
126,0x984175ff53e51c418a9af5f85864d18d1f88066f5350427bb0f12aa40ccc5598,3735430,1495243582,0x133e585b95e61b446b12092a8b885580dd171b81,0x9a2e9235f7a7ac7b899e5f3208fbb13c6985171a,0.1,,0x,0
127,0x74f8e3ca88eeeaf7dd0a98d6ea6d4d1a07828ed396596f66fc3eaa8153e23b77,3735514,1495244886,0x7ed1e469fcb3ee19c0366d829e291451be638e59,0x9a2e9235f7a7ac7b899e5f3208fbb13c6985171a,0.2,,0x,0
128,0x8ea6ba12d85040fdc07b0866fa7c2bcfae31eacba5ec25442470a8d27e5a36d0,3736556,1495261446,0x2be5f2bc0c92c67f327e74160ec6f1b3767c3179,0x9a2e9235f7a7ac7b899e5f3208fbb13c6985171a,0.35,,0x,0
129,0x12d6c8cf87b77d2df7ea11dc7e3a8013297993167572d837a71bee7d383b7333,3736755,1495264628,0x3b8d9dc92aec300d39f443138a3807ecff5fee6e,0x9a2e9235f7a7ac7b899e5f3208fbb13c6985171a,0.3,,0x,0
130,0xc24c465704357b504e9964b303871b0f72049d9c0ff875444e1622d7476ac8a6,3737683,1495279693,0xaced5aa03afc237657304a20607e4d4467300794,0x9a2e9235f7a7ac7b899e5f3208fbb13c6985171a,1.354,,0x,0
131,0xd1103e123e044777cd553abf11eb08a2c5e6a039dfdd05861243ca4325e16dfe,3737758,1495280930,0x2319db8503d21d919c8d6945f3e8aacb93df75ff,0x9a2e9235f7a7ac7b899e5f3208fbb13c6985171a,0.921,,0x,0
132,0x868f32aa942d54f5a04fbe08ba293421f17633868bb508b6ab94d9043dc6d825,3738312,1495289141,0xcc887d20554280530c10ff78463914d0f5c00fb9,0x9a2e9235f7a7ac7b899e5f3208fbb13c6985171a,0.5,,0x,0
133,0x79d6b2490eab21471a7301b84d27fb7015e3b5bc08fbfbaf95c1f452a56db301,3738574,1495292858,0xe06ee6ebad4df7589676ff1cbcebb5f64fbfab5b,0x9a2e9235f7a7ac7b899e5f3208fbb13c6985171a,1.0,,0x,0
134,0xb63d51e30f9f1453a2521c2bfe0be3604e0a15fe323d56175a5f3f7913244e03,3738611,1495293410,0x8878f8b0be5b11620dd7adfd0eb9a7673e07c98f,0x9a2e9235f7a7ac7b899e5f3208fbb13c6985171a,0.5,,0x,0
135,0x57cf7faf52152528ac882d1640e2343668ee6f384ac2ca68bb336d6b96c5dd67,3738663,1495294196,0xb6eb740f8bfb12d7853fc4a26c8d12c580ff717d,0x9a2e9235f7a7ac7b899e5f3208fbb13c6985171a,0.08317454,,0x,1
136,0x124f7f05ff89b172d2af9d926bf5ec51c4fcd3d3868c309e7537bcbe40803179,3739153,1495301620,0x0058e9b24525b1e0e3ea6e0f5afabdfbd463f617,0x9a2e9235f7a7ac7b899e5f3208fbb13c6985171a,0.12,,0x,0
137,0x7c72729cfed75d43eab3dabecc87e5c9f41b79653c51453ac539ddc1818b34f3,3739208,1495302748,0x32be343b94f860124dc4fee278fdcbd38c102d88,0x9a2e9235f7a7ac7b899e5f3208fbb13c6985171a,0.1,,0x,0
138,0x0b02c995d873bf963033675a5bc888c79fd361c8ee4cb13222235b442ce2f938,3739429,1495306366,0x2e7a0b037b91a90c2f8f095d0605ef54fd472bfe,0x9a2e9235f7a7ac7b899e5f3208fbb13c6985171a,1.15,,0x,0
139,0x421de2bed842ec81f894a8fc7c0a73c35b0fc59299de60d4307bc29b40f78a38,3739429,1495306366,0x0d9a01485a19d7337a19d9321e3b2a4331e6ae73,0x9a2e9235f7a7ac7b899e5f3208fbb13c6985171a,0.1,,0x,1
140,0xdde2e831a2369b2b8ddf6ae24e52923f900495e6c9295e98d4f11587956df475,3739538,1495308104,0xc899e9825c499b24be2871fee83513d0d9f4cd12,0x9a2e9235f7a7ac7b899e5f3208fbb13c6985171a,0.2,,0x,1
141,0x6deea4a687e42cff9270c1aaa02348519be50b946ce1e17f6e1dd872d5572cc9,3739638,1495309530,0xe89e41e0765ba1b04c5cc9c90de5c33f2e227afd,0x9a2e9235f7a7ac7b899e5f3208fbb13c6985171a,0.1,,0x,0
142,0x52054bf0620626c471453d874ff71690ccf38ecdfe9c061478753b77adbf3a41,3739684,1495310152,0x15c77d42756f61252dabdc67620ffcdbad84cd7e,0x9a2e9235f7a7ac7b899e5f3208fbb13c6985171a,0.31,,0x,0
143,0xe2ecc9babbff908a6d54f72050afabf94c628e432da2365e70de66b39b8a2c99,3739703,1495310463,0xdc99f22bdb0f9b7a2a837c80752ffcc845eea340,0x9a2e9235f7a7ac7b899e5f3208fbb13c6985171a,0.5,,0x,0
144,0x92b0ca0452e5007fef7f3321f150ce328acdff3ab2fcf1e4915eb3f83cf2a288,3739728,1495310875,0xe71979c345bf7c0a4e3fe350cf0fd186470d4ddc,0x9a2e9235f7a7ac7b899e5f3208fbb13c6985171a,1.0,,0x,0
145,0x8f8a59d640d0b7def107bdeb74b742bdd0ece90b6bf24a4811e95524423decbe,3739728,1495310875,0x72ef20e09c566eeac730aeb4f6aba25985de400a,0x9a2e9235f7a7ac7b899e5f3208fbb13c6985171a,2.02838622,,0x,0
146,0x321bf957a9de05139b3fe062c899c1a2118aab0ccb7b231aa21ed4e4386127c4,3739744,1495311108,0xeb0cf4e00b48453907e8e9b8ee9121175c3e9fec,0x9a2e9235f7a7ac7b899e5f3208fbb13c6985171a,0.35,,0x,0
147,0x556dbc7e517727dcd6beff192c9a52257575546e3605f9e290c753004dcc6261,3739747,1495311148,0xeb0cf4e00b48453907e8e9b8ee9121175c3e9fec,0x9a2e9235f7a7ac7b899e5f3208fbb13c6985171a,0.5,,0x,1
148,0xa9e1cb569dbd44ec95605d2676921d7a8a24cc4af923f980efe2582395d21d0a,3739751,1495311219,0x4dda0d458aaaf2cc8e129e733eb08fca7cc07499,0x9a2e9235f7a7ac7b899e5f3208fbb13c6985171a,0.01,,0x,0
149,0x1b21ce920983c36e0509a05b0f40b89cce002fb0dcac1cf404e380a7418edab6,3739782,1495311675,0x3b8d9dc92aec300d39f443138a3807ecff5fee6e,0x9a2e9235f7a7ac7b899e5f3208fbb13c6985171a,0.2,,0x,0
150,0x79e046173e3f8978f542355e2f045bac65426c519fbe183c7199e00d065ccd0a,3739785,1495311701,0xeb0cf4e00b48453907e8e9b8ee9121175c3e9fec,0x9a2e9235f7a7ac7b899e5f3208fbb13c6985171a,0.5,,0x,0
151,0xe3d7766ec854afa0351af51e92ca5e9d355023710d7dd1e03ba9bde4aa95ffb5,3739831,1495312548,0x4dda0d458aaaf2cc8e129e733eb08fca7cc07499,0x9a2e9235f7a7ac7b899e5f3208fbb13c6985171a,7.0,,0x,0
152,0x486353760d8b6c3aae1823bd29fdd917940000c0934742865cb9791be0c78127,3739843,1495312726,0x4dda0d458aaaf2cc8e129e733eb08fca7cc07499,0x9a2e9235f7a7ac7b899e5f3208fbb13c6985171a,2.1,,0x90d4bcc0,0
153,0x148191d9b25901685f3037dc402f50d9af3211d4a5f232a75d71e9bf5748319d,3740084,1495316284,0x4dda0d458aaaf2cc8e129e733eb08fca7cc07499,0x9a2e9235f7a7ac7b899e5f3208fbb13c6985171a,7.668354094200001,,0x,0
154,0x66c6ce4c1731b4d72453fe26ff2846c133368f322304cf1be983662b9f82dac3,3740573,1495324189,0x133e585b95e61b446b12092a8b885580dd171b81,0x9a2e9235f7a7ac7b899e5f3208fbb13c6985171a,0.1,,0x,0
155,0xaf42bcc69a078de56ef3be31a73700dfe192afb15bf95168f87b1360f3b3bdc2,3740760,1495327602,0xfad06db67aa7a2743fd4d77f45f5d78833b9fc09,0x9a2e9235f7a7ac7b899e5f3208fbb13c6985171a,0.15,,0x,0
156,0x8ae4f051458e932ed006c53ee1d17c7e9685b319454e462a0800dc74eab6b4a8,3741981,1495346946,0x4dda0d458aaaf2cc8e129e733eb08fca7cc07499,0x9a2e9235f7a7ac7b899e5f3208fbb13c6985171a,0.25,,0x90d4bcc0,0
157,0xe3db3b50c7a0e4ed7ffca3aab02ed5eb7b3492e2cd44e489886e1b4e14e82251,3742351,1495352895,0x133e585b95e61b446b12092a8b885580dd171b81,0x9a2e9235f7a7ac7b899e5f3208fbb13c6985171a,0.1,,0x,0
158,0x465c6e2063c4ba33aabb5a4d03a08fbcf02f7f18e09c03fb3e554b519b0114a6,3744780,1495391250,0xb0fe608bbc26c4b71b5a33cd7428353ae8ccbbe1,0x9a2e9235f7a7ac7b899e5f3208fbb13c6985171a,1.99962,,0x,0
159,0x598545fcf121478579a2e93688870c47a0956b9e479b421bc4bf4ea656ade83d,3744920,1495393348,0x32380a560a414360e3a54d186ae8fc15ade45ddc,0x9a2e9235f7a7ac7b899e5f3208fbb13c6985171a,0.10773167,,0x,1
160,0x788d058c80810571dcfaa0e955c69d175339e5f020190de5cfbd52bc70e966c5,3744931,1495393585,0x32380a560a414360e3a54d186ae8fc15ade45ddc,0x9a2e9235f7a7ac7b899e5f3208fbb13c6985171a,0.1,,0x,0
161,0x9627f4bb77a9f6e82fc308d1578f0586b7aeeff67c31accd52e060bff8b86630,3745167,1495397346,0x4dda0d458aaaf2cc8e129e733eb08fca7cc07499,0x9a2e9235f7a7ac7b899e5f3208fbb13c6985171a,2.2,,0x90d4bcc0,0
162,0x1363365310c041937ad028ee08ca92c2437db2bac3cddae5b9c318c99b9bde72,3745184,1495397586,0x4dda0d458aaaf2cc8e129e733eb08fca7cc07499,0x9a2e9235f7a7ac7b899e5f3208fbb13c6985171a,0.01,,0x,0
163,0x53084a69ae9aec0945ca58989f41cafb50043d375f85f74c586995d8c1242cb3,3745184,1495397586,0xdda2dd3bca56ea616111c0f6b8aeb5a7b6845d82,0x9a2e9235f7a7ac7b899e5f3208fbb13c6985171a,0.1,,0x,0
164,0x6ba6c55ae89e394a51e2a2d3756c45c02e6ac907aafedbe529348c491dd62f53,3745190,1495397714,0x4dda0d458aaaf2cc8e129e733eb08fca7cc07499,0x9a2e9235f7a7ac7b899e5f3208fbb13c6985171a,1.6,,0x90d4bcc0,0
165,0x5fa9a33d9a85f3678c1cdeba349590b209e6decc4031bb41fcbb01d6bb7cc94c,3745197,1495397832,0x32380a560a414360e3a54d186ae8fc15ade45ddc,0x9a2e9235f7a7ac7b899e5f3208fbb13c6985171a,0.1,,0x,0
166,0x089c00019ace4ca2359dbe4ffe1ee57b4f11aa38100cc747deba31b8e7731df8,3745197,1495397832,0xaced5aa03afc237657304a20607e4d4467300794,0x9a2e9235f7a7ac7b899e5f3208fbb13c6985171a,0.49,,0x,0
167,0x80d2a00ed602894e9ab4f8e8bbfd1ce661795b20679fb2b340cc063d30f10b2f,3745225,1495398350,0x2e7a0b037b91a90c2f8f095d0605ef54fd472bfe,0x9a2e9235f7a7ac7b899e5f3208fbb13c6985171a,0.7,,0x,0
168,0xa8a85f24aa76b635de6beeb22c2942a3d96ea29d34c16a6df7217cd6226812a1,3745281,1495399371,0xb0fe608bbc26c4b71b5a33cd7428353ae8ccbbe1,0x9a2e9235f7a7ac7b899e5f3208fbb13c6985171a,1.99,,0x,0
169,0xaaee626649e092b2ba839911f34f28e6aca91ac9b8fd314fcb063b0bbb230dd0,3745386,1495400856,0x28022da5d190e79e0cb5b69133cca5d8a76321ed,0x9a2e9235f7a7ac7b899e5f3208fbb13c6985171a,1.35,,0x,0
170,0xf471a1769ac23b8e009cb32ca020bf32702503942324d228c7d6a00aebcff14b,3745822,1495407854,0x9da7d1b162ecfe63b62850d0086d345c3746a33c,0x9a2e9235f7a7ac7b899e5f3208fbb13c6985171a,0.18,,0x,0
171,0x1fbd1174e395d1f881d5574aeab2dbcf4ca88463b02b4b0bd250a89cc8f2702f,3746143,1495412783,0xb18507088d1b7deed1a9b6bbcdc68e9de5db1b3f,0x9a2e9235f7a7ac7b899e5f3208fbb13c6985171a,0.12,,0x,0
172,0x9d8d06298109e30f9781ac7a620c033384c0452b68e0d90d6b672bacf72291f0,3746373,1495416203,0xfad06db67aa7a2743fd4d77f45f5d78833b9fc09,0x9a2e9235f7a7ac7b899e5f3208fbb13c6985171a,0.15,,0x,0
173,0xfebc5277021f060e2aa99aa635e20697287e638081d6e449d33e49d82326f906,3746790,1495422663,0xd80e4f684f4e2e8986e4a4c04e1ea983067ea73e,0x9a2e9235f7a7ac7b899e5f3208fbb13c6985171a,0.48,,0x,0
174,0x09e4beaa98271acd1924e272d09810d583ec0a72509682b911e4d627fa534006,3746918,1495424996,0x10dd4aa9f905068672e23e973f8a7b88261b2a6f,0x9a2e9235f7a7ac7b899e5f3208fbb13c6985171a,0.1,,0x,1
175,0x3be8d938a529eb811ed8b2d5c0948487f4f197a886fa114ace0df2bbd9a21ca8,3746936,1495425291,0x10dd4aa9f905068672e23e973f8a7b88261b2a6f,0x9a2e9235f7a7ac7b899e5f3208fbb13c6985171a,0.1,,0x,1
176,0xfb6a89b96bcb48594702d231a9ce9699ce3d8b53287ca95744e009237a6aa713,3746965,1495425742,0x10dd4aa9f905068672e23e973f8a7b88261b2a6f,0x9a2e9235f7a7ac7b899e5f3208fbb13c6985171a,0.1,,0x,1
177,0xfe878e173719c209b5c7d4c2ad80e8e801dbebccd9bbf032bb23f33aac72ec74,3747211,1495429498,0xec8457f76075f10a3237e88ff7c9709d79164aca,0x9a2e9235f7a7ac7b899e5f3208fbb13c6985171a,0.5,,0x,0
178,0xc4ea8bad50a3630833cf66cbb9a3abacc2cd188cbd227acb12564efa2ec98011,3747232,1495429889,0x133e585b95e61b446b12092a8b885580dd171b81,0x9a2e9235f7a7ac7b899e5f3208fbb13c6985171a,0.1,,0x,0
179,0x8ca0b12dc86378ef7dab291b21acfac07d2e09678da07f101b2758393b150736,3747304,1495431253,0xd37f06f5bc4c74a4b560f490653bb8d683ae6152,0x9a2e9235f7a7ac7b899e5f3208fbb13c6985171a,0.4,,0x,1
180,0xdeaf9f7139518ac07e4ca91a8594662e24095e3291dd110e84b7b6aa96d080ed,3747318,1495431448,0xd37f06f5bc4c74a4b560f490653bb8d683ae6152,0x9a2e9235f7a7ac7b899e5f3208fbb13c6985171a,0.4,,0x,1
181,0xc1f99e78df40df69322a09238e004fb1eafef78b0bfd9d8662326e1c7980b737,3747334,1495431663,0xd37f06f5bc4c74a4b560f490653bb8d683ae6152,0x9a2e9235f7a7ac7b899e5f3208fbb13c6985171a,0.498236,,0x,1
182,0xc80d7c50f6434b80a16f8046df772170c5528e4944983bbd6febd169a83878d8,3747431,1495433458,0xd80e4f684f4e2e8986e4a4c04e1ea983067ea73e,0x9a2e9235f7a7ac7b899e5f3208fbb13c6985171a,2.0,,0x,0
183,0x17af8925bab8ebe7b3a037afbbda2b170fcc0e74eb725e955abb64d30cc68505,3747585,1495435710,0xbd7e37ee47dae4c20c6ff892fad6b3b7e4c106d8,0x9a2e9235f7a7ac7b899e5f3208fbb13c6985171a,0.1,,0x,0
184,0x0e691902a82f77697841e6441d1f81ab118905032690c2955a0ca610f2412149,3748070,1495443391,0xc22a649a25ea432caa29d034b74cbbdfa8b8894d,0x9a2e9235f7a7ac7b899e5f3208fbb13c6985171a,1.05,,0x,0
185,0xc09e120a22f9451f9b375986bb36d09902642d7da1018b0157b0f0fc6dcf5eb3,3748257,1495446289,0x7becf00cfdd030218551bc754a8e5e4e1c9caafe,0x9a2e9235f7a7ac7b899e5f3208fbb13c6985171a,0.4,,0x,0
186,0x735786edfee9118bd720b6a1a355b793bf293e5e1e0c44af038ea0f99daaec63,3748321,1495447290,0x7becf00cfdd030218551bc754a8e5e4e1c9caafe,0x9a2e9235f7a7ac7b899e5f3208fbb13c6985171a,0.5,,0x,0
187,0xf4a25dad375cb5445ba306531d9f5639c64bb02ab0603e61ab9f8b964669a83a,3748501,1495450100,0x10dd4aa9f905068672e23e973f8a7b88261b2a6f,0x9a2e9235f7a7ac7b899e5f3208fbb13c6985171a,0.1,,0x,1
188,0x7ac8f535e58d0d28e25e7dcb6a48a8999ebad95c93bec1ff37505d44d86def67,3748516,1495450290,0x10dd4aa9f905068672e23e973f8a7b88261b2a6f,0x9a2e9235f7a7ac7b899e5f3208fbb13c6985171a,0.1,,0x,1
189,0x2c36ec39254f5f1356393bcf0c8f23f5d7aac93f9944a539263ee43144f576c7,3748589,1495451387,0x10dd4aa9f905068672e23e973f8a7b88261b2a6f,0x9a2e9235f7a7ac7b899e5f3208fbb13c6985171a,0.1,,0x,0
190,0x9b33d794b819c7ce0321b5e2bdb9a189b20e620671b00abd3b52ea9f5e510b28,3749372,1495463522,0x05d25f44ae16fb413c8ef99c138c911de9429a26,0x9a2e9235f7a7ac7b899e5f3208fbb13c6985171a,0.1,,0x,0
191,0xd4b3960a4d61e2d23d237f836a6bdf90fb01501a1417423420432d748cb9a289,3749507,1495465505,0x37572d311eae551489e87ae5c6907e503d8f6ae0,0x9a2e9235f7a7ac7b899e5f3208fbb13c6985171a,0.2,,0x,0
192,0xb3c482b6746671d8b6bbc9dd7e130f9fcd99f4469ad4e8d73402433b626d974a,3749577,1495466481,0xbd7e37ee47dae4c20c6ff892fad6b3b7e4c106d8,0x9a2e9235f7a7ac7b899e5f3208fbb13c6985171a,0.2,,0x,0
193,0x67ff480e1511aae73d45a2a69c66e6625466447f5ee74c926dc5724bfc74acfd,3749891,1495471526,0x9d74b3e5b3118abff7db8141900310e85d859c3e,0x9a2e9235f7a7ac7b899e5f3208fbb13c6985171a,1.411,,0x,0
194,0xe8873cc577381711aa3b43531bc3c0696e0d8edf7eb1db26607e5dfa453c41d9,3749904,1495471734,0x9d74b3e5b3118abff7db8141900310e85d859c3e,0x9a2e9235f7a7ac7b899e5f3208fbb13c6985171a,0.6,,0x,0
195,0x44394ab511ace3fe364acd2e65bf7b033741a7e11e5a31e5f3351c55da8e0cbd,3749926,1495472119,0x9d74b3e5b3118abff7db8141900310e85d859c3e,0x9a2e9235f7a7ac7b899e5f3208fbb13c6985171a,1.35,,0x,0
196,0xb68a3b62d0b6b3c9628db4562a22f3a5221abac84a85f2a06b9806c932cd574e,3750190,1495475991,0x9e46777fb12a54a9f20be24320bfdbf68626fe1f,0x9a2e9235f7a7ac7b899e5f3208fbb13c6985171a,0.15,,0x,0
197,0x92fa6a53d65b7e916ccddbb98db99fb0ca90e650c41dc4dd3e8a1e27b3159c1b,3750234,1495476809,0xe11718e0f5a9c534bdd0534c24ba67e1614704e8,0x9a2e9235f7a7ac7b899e5f3208fbb13c6985171a,0.2,,0x,0
198,0xb8d8a6fec23879df8c8025d9f1a3d155253bb1652d87345953921a70fe4da88c,3750348,1495478693,0x0058e9b24525b1e0e3ea6e0f5afabdfbd463f617,0x9a2e9235f7a7ac7b899e5f3208fbb13c6985171a,0.11,,0x,0
199,0x6e8e572d6e99954413451cade41e0cca4f7ca689527abd9e69ae6bc41af453c8,3750576,1495482671,0x3b8d9dc92aec300d39f443138a3807ecff5fee6e,0x9a2e9235f7a7ac7b899e5f3208fbb13c6985171a,0.7,,0x,0
200,0xa122c7174a967be136abe6c48e3505f6b81b70fdeec2e583bdfed0a8cda882f1,3750576,1495482671,0x7db9a81ce57d748268acf88cc1fbbbafc9764f99,0x9a2e9235f7a7ac7b899e5f3208fbb13c6985171a,0.09958,,0x,1
201,0x68cd24a4bfa5d28d8b74efcaa527f5ab95c4908f88342a698d13085111d63bac,3750594,1495482999,0x83f018abf21da20ae249efb9cb5f1c628e24456f,0x9a2e9235f7a7ac7b899e5f3208fbb13c6985171a,0.1,,0x,0
202,0x649c81d8d434e7179e19e384746d12b79d67a7898b98cdf25431039ed825c267,3750594,1495482999,0xabf0e79d984c104c75b8bd605bdf4d94d4611c3f,0x9a2e9235f7a7ac7b899e5f3208fbb13c6985171a,0.25,,0x,0
203,0x0fe759341255fd0dd104f9aff507b1bd6090ad408e6d79481e037b02b6c2cdfe,3750635,1495483573,0x83f018abf21da20ae249efb9cb5f1c628e24456f,0x9a2e9235f7a7ac7b899e5f3208fbb13c6985171a,0.1,,0x,0
204,0x2119057164932a3780522c56a863ec992447b3deb411fcc63d828ff8bb1ccad7,3750643,1495483706,0x7becf00cfdd030218551bc754a8e5e4e1c9caafe,0x9a2e9235f7a7ac7b899e5f3208fbb13c6985171a,3.8,,0x,0
205,0xce4d68951c3515a26058da2136160cb8303415fd132ef22155a4873f213f40cb,3750647,1495483753,0x83f018abf21da20ae249efb9cb5f1c628e24456f,0x9a2e9235f7a7ac7b899e5f3208fbb13c6985171a,0.1,,0x,0
206,0x4ad553ef242d305e17c41529b61475f85c76a13a84a0c0799b277f05880133f5,3750650,1495483785,0xd80e4f684f4e2e8986e4a4c04e1ea983067ea73e,0x9a2e9235f7a7ac7b899e5f3208fbb13c6985171a,5.0,,0x,0
207,0x07a796e6371b67929e3621eaa7097cdc4ba63c4408ee71987e4dfc0eaca79750,3750660,1495483875,0x7becf00cfdd030218551bc754a8e5e4e1c9caafe,0x9a2e9235f7a7ac7b899e5f3208fbb13c6985171a,3.5,,0x,0
208,0xea8ff005da35ace4413c4d086f57869376db0be2ca9be418a7a575fb30bde6a0,3750662,1495483917,0xd80e4f684f4e2e8986e4a4c04e1ea983067ea73e,0x9a2e9235f7a7ac7b899e5f3208fbb13c6985171a,2.0,,0x,0
209,0x457fbbb968230bd20ee9bf976583803d68dc7519a2cbc1e428d1c1058144e7c8,3750664,1495483935,0x7becf00cfdd030218551bc754a8e5e4e1c9caafe,0x9a2e9235f7a7ac7b899e5f3208fbb13c6985171a,1.56,,0x,0
210,0xdcbdf77e69163ba9dd24eb15d45c117762b4436c65078a079f5963a420a29bbe,3750667,1495483970,0x72ef20e09c566eeac730aeb4f6aba25985de400a,0x9a2e9235f7a7ac7b899e5f3208fbb13c6985171a,8.848038608,,0x,1
211,0x4f4deebb362acd61801fd6e065d40d6910f7af93bc149d8b6956bdaf7fdc4a06,3750670,1495484040,0x4dda0d458aaaf2cc8e129e733eb08fca7cc07499,0x9a2e9235f7a7ac7b899e5f3208fbb13c6985171a,0.01,,0x,0
212,0xbc8e7b772915a0b21f5ffb8937650ee5b8dc9dbc1dc605caa5e95e18398220b1,3750680,1495484166,0xfaa59b8622062c4f506f0b750f07f1605e503a02,0x9a2e9235f7a7ac7b899e5f3208fbb13c6985171a,0.5,,0x,0
213,0xe51cdb7a1a051ae65fbc23b6db16dbd54a4477bf838ab2f6f93b51687cd3e17f,3750700,1495484515,0xa976528beb597f05f91810cb0b849af0f385333f,0x9a2e9235f7a7ac7b899e5f3208fbb13c6985171a,0.75,,0x,0
214,0x27705d38103c5e621cc41cf325363ebf1a71c923f2b83865f30b08fda43174a1,3750709,1495484671,0x9d74b3e5b3118abff7db8141900310e85d859c3e,0x9a2e9235f7a7ac7b899e5f3208fbb13c6985171a,2.0,,0x,0
215,0x21482aaad0c6c519c806f16e478b345789c804bd343f3492aa8d964e2b98c929,3750749,1495485315,0xd80e4f684f4e2e8986e4a4c04e1ea983067ea73e,0x9a2e9235f7a7ac7b899e5f3208fbb13c6985171a,0.59,,0x,0
216,0x9514cf2b5272eff3c2db9f834ae7c7ee78e74279c5b6c7d1c90159f1bd5f3e8d,3750823,1495486616,0x2e7a0b037b91a90c2f8f095d0605ef54fd472bfe,0x9a2e9235f7a7ac7b899e5f3208fbb13c6985171a,0.5,,0x,0
217,0xf2271c0a5d5dabf6a34db44863b4f159e7aadba396d90bc3012557c252869931,3752341,1495511360,0xe71979c345bf7c0a4e3fe350cf0fd186470d4ddc,0x9a2e9235f7a7ac7b899e5f3208fbb13c6985171a,1.4,,0x,0
218,0x399b1ed2e552e5a86c189b5780a3210499c3a68b986c29208be1baed75281799,3752487,1495513698,0x0058e9b24525b1e0e3ea6e0f5afabdfbd463f617,0x9a2e9235f7a7ac7b899e5f3208fbb13c6985171a,0.111,,0x,0
219,0xaffec8fd278d28c382f8e524f3c696f5880299eac999216d82459b05654602ca,3752823,1495519012,0x12bcef85f558e7ce7ca2532a02b52b30a523e566,0x9a2e9235f7a7ac7b899e5f3208fbb13c6985171a,0.35,,0x,0
220,0x747b8a96056e5483fdc4189006b68b4fe71532992f0bf299655fafdbc2268b11,3752843,1495519408,0xb34632e386af0898edd5e37b0b8597a0ab4f5991,0x9a2e9235f7a7ac7b899e5f3208fbb13c6985171a,1.262,,0x,0
221,0x9f6badec038e329c675f1b782506c468f899fce1fec80326dec8395f43c99a6e,3752995,1495521994,0xdba96a35602984cb0312be104e4f7cc234359386,0x9a2e9235f7a7ac7b899e5f3208fbb13c6985171a,0.5,,0x,0
222,0xa7a188b775c611009233c4d6e6c6615e41fa84d123ec04b92177dddd0c8a7021,3753002,1495522138,0xdba96a35602984cb0312be104e4f7cc234359386,0x9a2e9235f7a7ac7b899e5f3208fbb13c6985171a,1.15,,0x,0
223,0xa485bd9f9fc5e99270e33a222c072e3db35ecc4440f362af47a0ca2455798241,3753012,1495522288,0xdba96a35602984cb0312be104e4f7cc234359386,0x9a2e9235f7a7ac7b899e5f3208fbb13c6985171a,0.95,,0x,0
224,0x1a7c9a51c4c461b8a9439bb43d252cb19f34de3256254f6a8bd0c8113d807f86,3753319,1495526981,0x28022da5d190e79e0cb5b69133cca5d8a76321ed,0x9a2e9235f7a7ac7b899e5f3208fbb13c6985171a,0.2,,0x,0
225,0x5c125c1ff4d88a8a5a9cf5832f500986fa559dd7064ba6f3272d7259debf258c,3753656,1495532759,0xb456f392da98c700eabadb5aec8d41d9f8965798,0x9a2e9235f7a7ac7b899e5f3208fbb13c6985171a,0.2,,0x,1
226,0xbbdfb466618f03f0ee0128778fe9d06ea3d7ecf50394b191c29cb548cf41d43d,3753656,1495532759,0x39394742927aaa268bc7bbd92a3fc8fe43515b99,0x9a2e9235f7a7ac7b899e5f3208fbb13c6985171a,0.5,,0x,0
227,0xb94538c98cdc634468f29867547b2bfaa80a0077ebe81e0ed86b1859a20b9fdb,3753690,1495533157,0xb456f392da98c700eabadb5aec8d41d9f8965798,0x9a2e9235f7a7ac7b899e5f3208fbb13c6985171a,0.2,,0x,0
228,0xb009ad5441a0dcab56da43b52c9da50b10ee1735aab99233d3434574209dc8ea,3754149,1495540196,0xb3f4c4292d1fa192f886283c4fd757371e95925f,0x9a2e9235f7a7ac7b899e5f3208fbb13c6985171a,0.2,,0x,0
229,0x565b2dc398376724d53df210d5c13bfb85d8ceb7935f3c9c8e7fa90ed25b6e29,3754854,1495551247,0xdda2dd3bca56ea616111c0f6b8aeb5a7b6845d82,0x9a2e9235f7a7ac7b899e5f3208fbb13c6985171a,0.12543367598300995,,0x,0
230,0xa5efd8c010a39c3bdabea14116ec7e18faf7f793bd6ade995b1da244e2459ab6,3755171,1495556734,0xd66e6580605a90020b63c0f922311f5bdc36725c,0x9a2e9235f7a7ac7b899e5f3208fbb13c6985171a,0.1,,0x,0
231,0x0590db3c33294a322a1ea43ba59621b6df6def95e1dcc52bd5991c7cbed91f08,3755206,1495557253,0xfad06db67aa7a2743fd4d77f45f5d78833b9fc09,0x9a2e9235f7a7ac7b899e5f3208fbb13c6985171a,0.1,,0x,0
232,0xde57d3f389645f1da3bd0e2782f13a1b596cf32d6d5d00e3204ff63d99f5024d,3755219,1495557537,0x89523cdc360f909fbb2b31eb73935454b8ae176b,0x9a2e9235f7a7ac7b899e5f3208fbb13c6985171a,0.49839644,,0x,0
233,0x37db3e3e00d0fee71135e2a9a83c5180cd8ad699f19db6a9fafcadf4c9faeed4,3755833,1495566835,0xbd7e37ee47dae4c20c6ff892fad6b3b7e4c106d8,0x9a2e9235f7a7ac7b899e5f3208fbb13c6985171a,0.5,,0x,0
234,0x8880d5b01bc94320807c66d799658b1bc1106f43a1fc75b72e587a424977f6b7,3755918,1495568068,0xf448a367281b9265b8c22789bc890b9b99b8db58,0x9a2e9235f7a7ac7b899e5f3208fbb13c6985171a,0.5,,0x,0
235,0x3d82c0c31dc9d1a8079f569d65e190099c1ea6ca0f7540246274bcac0dc25377,3755937,1495568455,0x28da6f87e3d7f775acdcce3b3b9705e63a57373c,0x9a2e9235f7a7ac7b899e5f3208fbb13c6985171a,0.5,,0x,0
236,0xfbf87ed3d67aa9a43c83dbfd2719047569cf1cb9e1d471cbebd9c7706e2d2673,3755992,1495569148,0xbd7e37ee47dae4c20c6ff892fad6b3b7e4c106d8,0x9a2e9235f7a7ac7b899e5f3208fbb13c6985171a,1.0,,0x,0
237,0x49740b3f6505f83016f2e7dc04a7a6a980ad76cfa491ee2a8fcf2c4c1838fd74,3756025,1495569590,0x3add1220e984537d0cd633e283cbb956781cf23e,0x9a2e9235f7a7ac7b899e5f3208fbb13c6985171a,0.5,,0x,0
238,0x224a65c24987f1c74d2edddc1d0f2b9cb8b110ed19a621953e4441303360bff2,3756030,1495569678,0x6df17c31a8a6ba9e735d9fdca59eb05fcf9c7cf5,0x9a2e9235f7a7ac7b899e5f3208fbb13c6985171a,0.17132742452438363,,0x,0
239,0x31aac80c66e7d56b9bfb756378317fbe9ffb807e89ee08abce42874196334504,3756051,1495569961,0x3125f097e64390690d34d4e012015ebb71cf36fd,0x9a2e9235f7a7ac7b899e5f3208fbb13c6985171a,0.1,,0x,0
240,0x7d333311bfa29654d023bd9481512d3f0d80d7ed1f203dc3be657dd10ca1fcf2,3756051,1495569961,0x32380a560a414360e3a54d186ae8fc15ade45ddc,0x9a2e9235f7a7ac7b899e5f3208fbb13c6985171a,0.1,,0x,0
241,0x180ad83a060c81b00f3e52f6918b8505d987f7fa8ec68999cf157b50b7fc8958,3756054,1495569973,0xbd7e37ee47dae4c20c6ff892fad6b3b7e4c106d8,0x9a2e9235f7a7ac7b899e5f3208fbb13c6985171a,1.2,,0x,0
242,0xe0c815afcd73709047a27e1f37ce843410014d6816bfd068b18fab80d09c46c9,3756062,1495570161,0xd66e6580605a90020b63c0f922311f5bdc36725c,0x9a2e9235f7a7ac7b899e5f3208fbb13c6985171a,0.4,,0x,0
243,0x98626f05094e99a621ec5e85113233764b3165af8cde287fe455281cd220ee44,3756065,1495570189,0x15c77d42756f61252dabdc67620ffcdbad84cd7e,0x9a2e9235f7a7ac7b899e5f3208fbb13c6985171a,0.8,,0x,0
244,0x53b86ba8f0fd0d6a8b9331e4c43945e9d98f13c0c3a85b732dfb9f5fd69e2a0a,3756069,1495570258,0xd80e4f684f4e2e8986e4a4c04e1ea983067ea73e,0x9a2e9235f7a7ac7b899e5f3208fbb13c6985171a,0.5,,0x,0
245,0x8177697380195ccdc4c30f068d99f7b7462eda02aa5bf33a8f93844d390106e9,3756069,1495570258,0xdba96a35602984cb0312be104e4f7cc234359386,0x9a2e9235f7a7ac7b899e5f3208fbb13c6985171a,1.0,,0x,0
246,0x61e623b449589b20f7e78e2e87048ab9905e0ab58e20da9d16a00758966f3e00,3756074,1495570329,0x39394742927aaa268bc7bbd92a3fc8fe43515b99,0x9a2e9235f7a7ac7b899e5f3208fbb13c6985171a,2.5,,0x,0
247,0x5d238b5a660058ec5f9655f2d905c4dddc159d6b92e6aedb6238ea073dae0da0,3756077,1495570401,0x4dda0d458aaaf2cc8e129e733eb08fca7cc07499,0x9a2e9235f7a7ac7b899e5f3208fbb13c6985171a,0.01,,0x,0
248,0xe8d060b3f3c21e14aedba2a5997784baabcee700be71ec75c2378369c4f318de,3756106,1495570885,0xfaa59b8622062c4f506f0b750f07f1605e503a02,0x9a2e9235f7a7ac7b899e5f3208fbb13c6985171a,0.5,,0x,0
249,0x60c2dc053a6fc6186aef03c5592529c78f50fa995a898636f37db07fa81aea74,3756113,1495571042,0xb34632e386af0898edd5e37b0b8597a0ab4f5991,0x9a2e9235f7a7ac7b899e5f3208fbb13c6985171a,0.5,,0x,0
250,0x78819961bfd0da12480594c44db8fcd62d3f443e46b1bc796051fcd1513e674b,3756131,1495571308,0xb456f392da98c700eabadb5aec8d41d9f8965798,0x9a2e9235f7a7ac7b899e5f3208fbb13c6985171a,0.4,,0x,0
251,0xd156db0fa8ee6ac6fc481e55abed069ade3572961d2ce816493d84c9af482148,3756207,1495572611,0x6fdd83dad0be6066341d476e70dd23c7f1aa0f06,0x9a2e9235f7a7ac7b899e5f3208fbb13c6985171a,0.5,,0x,0
252,0x463970b78d6cedeb495e0231eadd0890c238d708f3f9da54b3fc0118594530cb,3756213,1495572692,0x6fdd83dad0be6066341d476e70dd23c7f1aa0f06,0x9a2e9235f7a7ac7b899e5f3208fbb13c6985171a,0.35,,0x,0
253,0x9bf52241d56fa96a6a1e59feba7330c45251b880bd70c77a1b03ecf1c04eab82,3757563,1495594228,0x2170ecf49fc91d0f51dbf0095fba84e382c93d80,0x9a2e9235f7a7ac7b899e5f3208fbb13c6985171a,4.0,,0x,0
256,0xb3b872074c5ef609bacbdfb931c766d759b8693ea153929eb07816d104e23988,3758993,1495616943,0xa976528beb597f05f91810cb0b849af0f385333f,0x9a2e9235f7a7ac7b899e5f3208fbb13c6985171a,0.1,,0x,0
257,0x72d62a7ec2cbad36fa2ad9a09277c3d51720137fdf98a71c5b9eb7d8732c4b0b,3759148,1495619659,0xaa943b53bdd1486c3f8295df7a857d7d33487e58,0x9a2e9235f7a7ac7b899e5f3208fbb13c6985171a,3.0,,0x,0
258,0xf1cf0540c2538e9779a39d7ab4fd744a682a7b93c0ca13bcfa83a9e2a0540ec0,3760351,1495638156,0xe71979c345bf7c0a4e3fe350cf0fd186470d4ddc,0x9a2e9235f7a7ac7b899e5f3208fbb13c6985171a,1.9,,0x,0
259,0x7cf69df3fd0c7686cc8c010ce2d9f061d6df9f63955f021586d42cf33e14094f,3760362,1495638279,0x9c3c56a2f4958dd1e647e387748da3440b475560,0x9a2e9235f7a7ac7b899e5f3208fbb13c6985171a,0.4,,0x,0
260,0x00beae38282ed7aec64dfe75dcadf3297b514198bbf17436da796f18055ed6d1,3760667,1495643297,0xdda2dd3bca56ea616111c0f6b8aeb5a7b6845d82,0x9a2e9235f7a7ac7b899e5f3208fbb13c6985171a,0.17955254768745682,,0x,0
261,0x7a060b8c2ce2924cd26c36940aab60d5537c678a74a1727e0640dcb8f5103f6b,3760683,1495643564,0x89523cdc360f909fbb2b31eb73935454b8ae176b,0x9a2e9235f7a7ac7b899e5f3208fbb13c6985171a,1.0924513308457544,,0x,0
262,0x325efc91c58245a2bb98b30b76730affad7ac5c92d8d3e2132b3f04da6296e94,3760786,1495645215,0xb3f4c4292d1fa192f886283c4fd757371e95925f,0x9a2e9235f7a7ac7b899e5f3208fbb13c6985171a,0.1,,0x,0
263,0x43fc6852825116cd05cd0f43aff4868e1bafb443e67015c95346b0370dd6064d,3760914,1495647221,0x89523cdc360f909fbb2b31eb73935454b8ae176b,0x9a2e9235f7a7ac7b899e5f3208fbb13c6985171a,0.998138728,,0x,0
264,0xf4b44d15007bd36a6007ddb6a1d8e0a475eccb12702409386fe1cc73b29cd007,3761363,1495654492,0x0058e9b24525b1e0e3ea6e0f5afabdfbd463f617,0x9a2e9235f7a7ac7b899e5f3208fbb13c6985171a,0.15,,0x,0
265,0xfa2cd542a765163fe4d9cd7339c5085c8df5dc0647839f770938f0b75cece5c9,3761371,1495654659,0x6df17c31a8a6ba9e735d9fdca59eb05fcf9c7cf5,0x9a2e9235f7a7ac7b899e5f3208fbb13c6985171a,0.24156346219878583,,0x,0
266,0xe7148208d879688cbe1a4a24c18abbc92a024d494c3b90693cdb1aef7b57e202,3761476,1495656213,0xdba96a35602984cb0312be104e4f7cc234359386,0x9a2e9235f7a7ac7b899e5f3208fbb13c6985171a,0.5,,0x,0
267,0x2f16df6ccbe9892af50c8999e6e1f653743b3726b7aa6aeb8dad182e91825e00,3761485,1495656359,0xdba96a35602984cb0312be104e4f7cc234359386,0x9a2e9235f7a7ac7b899e5f3208fbb13c6985171a,1.0,,0x,0
268,0xd00b11ceede4272d7930d68bf4c1fc12adbfc4dfce297531aab3e4d052ca9962,3761499,1495656602,0x39394742927aaa268bc7bbd92a3fc8fe43515b99,0x9a2e9235f7a7ac7b899e5f3208fbb13c6985171a,5.8,,0x,0
269,0x68f6c582cd435653c3672a5121adab44bc98f1f0d0e98b537ee85cbe784b20af,3761500,1495656637,0x2be5f2bc0c92c67f327e74160ec6f1b3767c3179,0x9a2e9235f7a7ac7b899e5f3208fbb13c6985171a,1.508559,,0x,1
270,0x5cdea2c5fc9c8551414f7bfdc01b17430c1938a2901e1b41228b34cf9622cd23,3761507,1495656734,0x39394742927aaa268bc7bbd92a3fc8fe43515b99,0x9a2e9235f7a7ac7b899e5f3208fbb13c6985171a,1.0,,0x,0
271,0x62c1cb19c7e727b8f8ad801601ab645ce701852a98ee5076eea05e86352968fa,3761508,1495656741,0x39394742927aaa268bc7bbd92a3fc8fe43515b99,0x9a2e9235f7a7ac7b899e5f3208fbb13c6985171a,0.3,,0x,0
272,0x6593d2f9935d56419d79b2a598e6eceea6bf41852a0078c15af7984614cc1362,3761514,1495656818,0x4dda0d458aaaf2cc8e129e733eb08fca7cc07499,0x9a2e9235f7a7ac7b899e5f3208fbb13c6985171a,0.01,,0x,0
273,0x09b8285144f9c370b9804a7d8f4d56304e6ad191dfa5a0c8509d4531e76c998f,3761537,1495657069,0xb456f392da98c700eabadb5aec8d41d9f8965798,0x9a2e9235f7a7ac7b899e5f3208fbb13c6985171a,0.3,,0x,0
274,0x17c85e958428917f33866bee5459184426e2dcc1f9bec6f5e9d0aca6e430c347,3761543,1495657186,0xb34632e386af0898edd5e37b0b8597a0ab4f5991,0x9a2e9235f7a7ac7b899e5f3208fbb13c6985171a,0.35,,0x,0
275,0x356285b1de67cad371e623e6c51e330a00cc0dec904e9b136cce7d6064183475,3761554,1495657391,0x06de0f6768b0a73e76f0cea377e286f37f0194ef,0x9a2e9235f7a7ac7b899e5f3208fbb13c6985171a,0.575,,0x,0
276,0x017864e8b593989df3564cdc34537418e618f53dda266b7a76a64d35584d39c3,3761845,1495662155,0x9c3c56a2f4958dd1e647e387748da3440b475560,0x9a2e9235f7a7ac7b899e5f3208fbb13c6985171a,0.2,,0x,0
277,0x9da26315bf872705cc4058cbfc5493e67324660b5ce3fdb5db3eed75a6013c38,3762482,1495672373,0xc685d7b3dd48e8c7541959f3bbdc9221e7e7970b,0x9a2e9235f7a7ac7b899e5f3208fbb13c6985171a,0.05,,0x,1
278,0x228dd578117b7ece29830c68f757b4aff53dadcdfd038fc97b8553eaa41001d3,3762513,1495672805,0xc685d7b3dd48e8c7541959f3bbdc9221e7e7970b,0x9a2e9235f7a7ac7b899e5f3208fbb13c6985171a,0.05,,0x,1
279,0xae6b5046a7e6e1f70106dbeb0f896f69738b0964f426d154f3239a9bebfa9ab6,3762543,1495673280,0xc685d7b3dd48e8c7541959f3bbdc9221e7e7970b,0x9a2e9235f7a7ac7b899e5f3208fbb13c6985171a,0.04,,0x,1
280,0xa64d6c7d2b7593e3fbdcd190ebd93cd28b322862edc00b5d64d450add7d073f3,3762579,1495673878,0xc685d7b3dd48e8c7541959f3bbdc9221e7e7970b,0x9a2e9235f7a7ac7b899e5f3208fbb13c6985171a,0.1,,0x,0
281,0xe92b8b6a74598a32f793fdf069642d3cd8fb9b3899193e3197db3e2758f33c13,3762734,1495676734,0x33d1b7c8c55d2370dd2a4f4b24f6d0e7b37f2fe4,0x9a2e9235f7a7ac7b899e5f3208fbb13c6985171a,2.0,,0x,0
282,0x220dc2f45d7d7227f8f1cded8a5bae8e021bbe679c923ab8a00b8d634626f668,3763326,1495685735,0x9da7d1b162ecfe63b62850d0086d345c3746a33c,0x9a2e9235f7a7ac7b899e5f3208fbb13c6985171a,0.1,,0x,0
283,0x2ec69a67321aaacb159beb5b41242af3afbe024fb694f974c689d0078a5b529d,3765687,1495723204,0x39394742927aaa268bc7bbd92a3fc8fe43515b99,0x9a2e9235f7a7ac7b899e5f3208fbb13c6985171a,1.25,,0x,0
284,0x6d3d82357ead1f75ac078d195e23f4e8ea4eaad90c5ec2181ec665777ac1199e,3766261,1495732140,0xdda2dd3bca56ea616111c0f6b8aeb5a7b6845d82,0x9a2e9235f7a7ac7b899e5f3208fbb13c6985171a,0.10333798522585952,,0x,0
285,0xe110279c0036a5fdbc6249a14f8878937dceffa3fd7158a54840b8dabffe5ce3,3766298,1495732851,0xb3f4c4292d1fa192f886283c4fd757371e95925f,0x9a2e9235f7a7ac7b899e5f3208fbb13c6985171a,1.0,,0x,0
286,0xded111d483e09e5cc3e2335b41b4c87699fb534f385ae94c51f9ec9d6e803805,3766552,1495736826,0xfad06db67aa7a2743fd4d77f45f5d78833b9fc09,0x9a2e9235f7a7ac7b899e5f3208fbb13c6985171a,0.1,,0x,0
287,0x6fa67f5ca6dcea143a72bd5f3fd85c4274de79faaf8e72b9a2ce37e96ed05338,3766729,1495739550,0x2170ecf49fc91d0f51dbf0095fba84e382c93d80,0x9a2e9235f7a7ac7b899e5f3208fbb13c6985171a,8.0,,0x,0
288,0x9ccc8a06cb796b9c690f8910104000158e1b7736afd95b4be1e04c36633c55a2,3766838,1495741280,0x8b093cf21a1ff6d9d503a622f19ac9789972e21b,0x9a2e9235f7a7ac7b899e5f3208fbb13c6985171a,0.1,,0x,0
289,0x344d5060ccb046e4d04f4c047122dce13af959bae9f85d16ce1c789d4fef405b,3766903,1495742250,0x89523cdc360f909fbb2b31eb73935454b8ae176b,0x9a2e9235f7a7ac7b899e5f3208fbb13c6985171a,1.0,,0x,0
290,0x4a1e90389eff673a9340d17d9a3108a2f404fbdbd001ce2bb31e46a575adddc5,3766908,1495742343,0xfaa59b8622062c4f506f0b750f07f1605e503a02,0x9a2e9235f7a7ac7b899e5f3208fbb13c6985171a,0.5,,0x,0
291,0x9f0e06deba24c9820778884159a4ae9df3f9acd8ed2083a2d18608dc668ee5cd,3766924,1495742590,0x6df17c31a8a6ba9e735d9fdca59eb05fcf9c7cf5,0x9a2e9235f7a7ac7b899e5f3208fbb13c6985171a,0.14054375304423924,,0x,0
292,0x0e84b74e0bf737e98c67cd470bb3ee509d97cfe6875948b2814da878f0aa0817,3766960,1495743076,0x89523cdc360f909fbb2b31eb73935454b8ae176b,0x9a2e9235f7a7ac7b899e5f3208fbb13c6985171a,8.617649660431209,,0x,0
293,0xc2986650e046563026e08745dd39b8a3bd1e48043ca0125b432b8492e7fef6eb,3766960,1495743076,0xe71979c345bf7c0a4e3fe350cf0fd186470d4ddc,0x9a2e9235f7a7ac7b899e5f3208fbb13c6985171a,1.1,,0x,0
294,0x489d34a62536c1ec02d876cbd59b017d50a2a0d9c7d08a9d3389a85be5b7f228,3766961,1495743114,0x06de0f6768b0a73e76f0cea377e286f37f0194ef,0x9a2e9235f7a7ac7b899e5f3208fbb13c6985171a,8.01,,0x,0
295,0x77811b9c47c66cef5740ed1b0979def2ce99a5a7ed0c4767b5aa2f0f2de315a2,3766961,1495743114,0xd80e4f684f4e2e8986e4a4c04e1ea983067ea73e,0x9a2e9235f7a7ac7b899e5f3208fbb13c6985171a,1.5,,0x,0
296,0xa78294f00f0a5a2cffd50a8f17f62dc6492809c31672758ceecf03cf1e10eb88,3766961,1495743114,0xd66e6580605a90020b63c0f922311f5bdc36725c,0x9a2e9235f7a7ac7b899e5f3208fbb13c6985171a,0.6,,0x,0
297,0xcea1b34d83a6630538213608f33f4bdbf060941b72dc0f50abd64baba19dbf5c,3766961,1495743114,0x22effccf0bd839b93c0661edd8b3a1274413017a,0x9a2e9235f7a7ac7b899e5f3208fbb13c6985171a,0.3,,0x,0
298,0xf0c24a77e4b4f0553e9a541cd461e2033f18ddd8d3d12f98b4d11991ef615768,3766962,1495743131,0x5979568e9fb042af6d7cb75750f34cc70d4a27c0,0x9a2e9235f7a7ac7b899e5f3208fbb13c6985171a,8.83013702,,0x,0
299,0x3e4d947cd71bf9ffe7fa375264884065ce216809d05eb06cf08c3a22e32f3204,3766962,1495743131,0x39394742927aaa268bc7bbd92a3fc8fe43515b99,0x9a2e9235f7a7ac7b899e5f3208fbb13c6985171a,9.1,,0x,0
300,0xd17b6d92c02ab3be7cda701b5729200df3826e4185fae734cfdcf9ae5230b7ca,3766973,1495743280,0x4dda0d458aaaf2cc8e129e733eb08fca7cc07499,0x9a2e9235f7a7ac7b899e5f3208fbb13c6985171a,0.01,,0x,0
301,0x76a6ac39364d68ec6adf6980affdd48eb097ea5f027853f48623a661dc7fbe45,3766986,1495743502,0xd80e4f684f4e2e8986e4a4c04e1ea983067ea73e,0x9a2e9235f7a7ac7b899e5f3208fbb13c6985171a,0.4,,0x,0
302,0xabc9b1a9e2294c9383125921e5c01a36609859a464c17d47296a5642d4154cc2,3766999,1495743714,0x06de0f6768b0a73e76f0cea377e286f37f0194ef,0x9a2e9235f7a7ac7b899e5f3208fbb13c6985171a,1.0,,0x,0
303,0x1e8223290506f805ca3c2acb0b97bb7e69c81803fc1449bb1c5121b7124544dc,3767083,1495744956,0xcbf2767f8fd39964b1c4999fd607a68efcea9393,0x9a2e9235f7a7ac7b899e5f3208fbb13c6985171a,1.778,,0x,0
304,0x075c75e7829e701638fd4f160ae25fdcf877c0473f34f7f02f3df960e5ba815e,3767339,1495748757,0xd4b1ca8d9d61dd14ff5f4eb742e2638ce7c76e6a,0x9a2e9235f7a7ac7b899e5f3208fbb13c6985171a,0.5,,0x,0
305,0x352f68564014971aca70bd4fa1f47cbd13b52a771dcfb6df840ef3d0bcf419b3,3768678,1495770583,0x33d1b7c8c55d2370dd2a4f4b24f6d0e7b37f2fe4,0x9a2e9235f7a7ac7b899e5f3208fbb13c6985171a,0.5,,0x,0
306,0xc5ca6deee75092de29821c593ec21527f4e50af59e330d2e7876b8de5a29e473,3768803,1495772377,0xeb96cbe87e1d809393c515aaae2789de2bb76641,0x9a2e9235f7a7ac7b899e5f3208fbb13c6985171a,0.1,,0x,0
307,0xf7a0bc1fcd4597664128facb8731a95d516baf6350796b2c82d049e81c87f00e,3768847,1495773056,0xeb96cbe87e1d809393c515aaae2789de2bb76641,0x9a2e9235f7a7ac7b899e5f3208fbb13c6985171a,0.1,,0x,0
308,0x33b8ec45684cd7a45017cb7db745965d9ab11333cab4cceb506d9c0bfc75672a,3769425,1495782616,0x4e2764badc693fb7c134499c4885ba1207a1f501,0x9a2e9235f7a7ac7b899e5f3208fbb13c6985171a,3.0,,0x,0
309,0xce5bb5921143c74fc18266bdea71152e519a4f9762898d9a20896ddb2bf636ec,3769457,1495783348,0x4a6b1a04704f50e863973a1de0de310415e41141,0x9a2e9235f7a7ac7b899e5f3208fbb13c6985171a,0.179559,,0x,0
310,0xc8f8c11389e3c783bd3892fd3e57441dcf09f38370acd897b308f01707354471,3769706,1495787070,0x6f58c3ebb7d6d9c8204f1847b463fe893deb65de,0x9a2e9235f7a7ac7b899e5f3208fbb13c6985171a,0.1,,0x,0
311,0x401fe63582e00a1b958f2bf2686a66e2ee124c6d639c0e09b886a748d4f37cdf,3769953,1495791199,0x448180c5cb63befb2a7cf42569c0debb3e5110a5,0x9a2e9235f7a7ac7b899e5f3208fbb13c6985171a,0.19,,0x,0
312,0xd95da143f1e95b9b5df456efe1ddd1133eb69fedab5110246cf8dea5e9fffd29,3770849,1495805487,0xb81d5ad0b32342cc049aab8df807c5ff5cae5b85,0x9a2e9235f7a7ac7b899e5f3208fbb13c6985171a,0.5,,0x,0
313,0x25339eb24474979e08b377b83612b46df34c34ddb937b38fe7c5447c4cf232a2,3770989,1495807791,0x895c220d54e71f6516d13bad6b7fc247ef31cdf1,0x9a2e9235f7a7ac7b899e5f3208fbb13c6985171a,0.1,,0x,1
314,0x3205495af4bd07cb889f8502bd1aeacc363cd7badedaffb4380951b682411b50,3771013,1495808208,0xb456f392da98c700eabadb5aec8d41d9f8965798,0x9a2e9235f7a7ac7b899e5f3208fbb13c6985171a,0.15,,0x,0
315,0x6b583fdc26f4de1583b3a6c7812f4f1430f4e0cf637cc70f641f2e3afcb8db2f,3771584,1495816973,0xf240bc8c33ddc28037c641d03e803f967a2d86c1,0x9a2e9235f7a7ac7b899e5f3208fbb13c6985171a,0.1954,,0x,0
316,0x804fc333a9ed67dea520dac4c4cf9bdd19dac2e45a13317a7959fe5407ab0508,3772266,1495827068,0xeb96cbe87e1d809393c515aaae2789de2bb76641,0x9a2e9235f7a7ac7b899e5f3208fbb13c6985171a,0.1,,0x,0
317,0xb05abf5b386a72c0117ca7d47400f97442082071e16ae0314840854e3831e2b9,3772293,1495827449,0x5003afc360595c2ee1aa74c927fb24af3b313ec7,0x9a2e9235f7a7ac7b899e5f3208fbb13c6985171a,0.2,,0x,0
318,0xe6401da4e29ac668436ebcabc51c1731844b90b58588264c7447777619bc0735,3772300,1495827514,0xe71979c345bf7c0a4e3fe350cf0fd186470d4ddc,0x9a2e9235f7a7ac7b899e5f3208fbb13c6985171a,0.33,,0x,0
319,0xe4234d08113ea11fbd19779f6e0224d559362ca79c6f015c390bd98f621788a7,3772317,1495827727,0x15c77d42756f61252dabdc67620ffcdbad84cd7e,0x9a2e9235f7a7ac7b899e5f3208fbb13c6985171a,0.1,,0x,0
320,0x4bfc13fb186b9e705dcfa17b9e428cb16082a94a509dc05425bfc8e72fd96485,3772339,1495828138,0x61ff517d087c402f1d7468af223b3818046c50ae,0x9a2e9235f7a7ac7b899e5f3208fbb13c6985171a,0.4,,0x,0
321,0x45f64b3278157416db0b874cd6a3b7e9760d8a33da8ef08a5d6fdc975ea3bae4,3772364,1495828463,0xd66e6580605a90020b63c0f922311f5bdc36725c,0x9a2e9235f7a7ac7b899e5f3208fbb13c6985171a,0.2,,0x,0
322,0x490f3dbf71ef08a09e51344fa335e4c15fb72ff1dcc4563b67443a3f3776fd11,3772372,1495828562,0xbd7e37ee47dae4c20c6ff892fad6b3b7e4c106d8,0x9a2e9235f7a7ac7b899e5f3208fbb13c6985171a,1.0,,0x,0
323,0x2e4415b7992e9095a879a21d289cfd55ec765b8f9ce0b8cdd64af966abb438e6,3772392,1495828882,0xd4b1ca8d9d61dd14ff5f4eb742e2638ce7c76e6a,0x9a2e9235f7a7ac7b899e5f3208fbb13c6985171a,0.18,,0x,0
324,0x08a50d9e7e81dcc5341f8c958d6bc323d7ecd10eb38c1c31c438f2c25eacd67a,3772395,1495828934,0xbd7e37ee47dae4c20c6ff892fad6b3b7e4c106d8,0x9a2e9235f7a7ac7b899e5f3208fbb13c6985171a,1.5,,0x,0
325,0x53d2b389bc6c2c542a0e288d33c147294e8d9ca37d3f2c61c70765b390ced70c,3772398,1495828979,0x3e5610be64b89f2b0d85c7f95c7bc28bb6bdb843,0x9a2e9235f7a7ac7b899e5f3208fbb13c6985171a,1.0958,,0x,0
326,0xeda14f62a1b25591d53a5b282f31908b968abcf0d9421780e3abb96246e17a6e,3772405,1495829114,0x2b6ca175dc70bf179ae9e488364fdad620fd271e,0x9a2e9235f7a7ac7b899e5f3208fbb13c6985171a,0.5,,0x,0
327,0x80b0e67310768e724be9ed5976d540ef3339fc0cc61041505a792890b8c545c1,3772417,1495829313,0xbd7e37ee47dae4c20c6ff892fad6b3b7e4c106d8,0x9a2e9235f7a7ac7b899e5f3208fbb13c6985171a,0.5,,0x,0
328,0x12672611300b481c109596293b39c31dd809eae6f3ab4ca783daa0b9fc772581,3772418,1495829334,0x9c3c56a2f4958dd1e647e387748da3440b475560,0x9a2e9235f7a7ac7b899e5f3208fbb13c6985171a,0.5,,0x,0
329,0x18199ca2b05360f22af29d0324d235a90e08ad12ed7978fdda4a2e78fcffb1b8,3772418,1495829334,0x007e042f43e09f00ba2eef529e355796b15128b8,0x9a2e9235f7a7ac7b899e5f3208fbb13c6985171a,1.2,,0x,0
330,0x7902c0255a3eca38cb69d79fe0b2bf4f5eb6b2627a5de7e9b24b0803053d9d51,3772419,1495829355,0x15c77d42756f61252dabdc67620ffcdbad84cd7e,0x9a2e9235f7a7ac7b899e5f3208fbb13c6985171a,0.9,,0x,0
331,0xc5c5594c7a8d67d338f3ee4192cbe8c4b174b5297be07a6e166fac08df9cf26f,3772420,1495829381,0x3e5610be64b89f2b0d85c7f95c7bc28bb6bdb843,0x9a2e9235f7a7ac7b899e5f3208fbb13c6985171a,0.59850144,,0x,0
332,0xb3a0b2b7b6e5d6bfe813bb29b9f418510aae6db31752270cbc82c3370890e592,3772422,1495829393,0xb359cc6dabbbd0743d912660ffa0f0892266c974,0x9a2e9235f7a7ac7b899e5f3208fbb13c6985171a,0.4,,0x,0
333,0x35ea361bcc443086494b02234af0b2f5665e975dfed9869565c406c864450abd,3772424,1495829413,0x3e5610be64b89f2b0d85c7f95c7bc28bb6bdb843,0x9a2e9235f7a7ac7b899e5f3208fbb13c6985171a,0.249301288,,0x,0
334,0x1035558b59ac99fd95feaa62521183422060a10a528518e2df94b1e58e017579,3772425,1495829452,0xd66e6580605a90020b63c0f922311f5bdc36725c,0x9a2e9235f7a7ac7b899e5f3208fbb13c6985171a,0.5,,0x,0
335,0x564d4c3d70c94c80dcc77987f7e5f312cd209e8bd2018c2fe0097130e19dc5f5,3772425,1495829452,0xd80e4f684f4e2e8986e4a4c04e1ea983067ea73e,0x9a2e9235f7a7ac7b899e5f3208fbb13c6985171a,2.0,,0x,0
336,0x6a7023559975180bc5da82201682442e3149e757aa8ce84fef1c699386f09e37,3772427,1495829554,0xe89e41e0765ba1b04c5cc9c90de5c33f2e227afd,0x9a2e9235f7a7ac7b899e5f3208fbb13c6985171a,0.1,,0x,1
337,0x4727bb212896ae97cb43874ecb00d21c8c807bb5667f5e9aeba7990815c6cbdd,3772427,1495829554,0xb359cc6dabbbd0743d912660ffa0f0892266c974,0x9a2e9235f7a7ac7b899e5f3208fbb13c6985171a,17.0,,0x,1
338,0x65fa5ba74cd90e4cb30eea8ba79a13f202cc320e97d0c56b840e9e5553cdec13,3772427,1495829554,0x94910b06ce22fcdc4ebefce45bb923186509cc64,0x9a2e9235f7a7ac7b899e5f3208fbb13c6985171a,14.0,,0x,1
339,0x98f5a37e2a24890cf003583cb017ff2ad154757dd334d706f2bfeca0732c6587,3772428,1495829563,0xb359cc6dabbbd0743d912660ffa0f0892266c974,0x9a2e9235f7a7ac7b899e5f3208fbb13c6985171a,9.0,,0x,1
340,0xcd05b68357b7dc3961c4d871d3ba5e042351ac7296c20907d44a2ab73ff23e73,3772428,1495829563,0x15c77d42756f61252dabdc67620ffcdbad84cd7e,0x9a2e9235f7a7ac7b899e5f3208fbb13c6985171a,0.15,,0x,1
341,0xd376cf8a13d29055ac9c37337a3ce37a1934f4e4830d4d91ce35bb9a448e3004,3772433,1495829623,0x4dda0d458aaaf2cc8e129e733eb08fca7cc07499,0x9a2e9235f7a7ac7b899e5f3208fbb13c6985171a,0.01,,0x,0
342,0x683825989eb73918e942cfc654f305c3f47a3f964438a8cdbcab990c19cb6fe5,3772460,1495830002,0xeb96cbe87e1d809393c515aaae2789de2bb76641,0x9a2e9235f7a7ac7b899e5f3208fbb13c6985171a,0.3,,0x,0
343,0xe9f8eea81d96e6a4d5ca0e6df0363e82a18c3bae10bd1260fb903aa8c194d2f2,3772482,1495830291,0x4e2764badc693fb7c134499c4885ba1207a1f501,0x9a2e9235f7a7ac7b899e5f3208fbb13c6985171a,0.5,,0x,0
344,0x4d154c1ac16a1139ad492204cc2c85b997cad278962478614c3c390afefd03b8,3772485,1495830357,0x4a6b1a04704f50e863973a1de0de310415e41141,0x9a2e9235f7a7ac7b899e5f3208fbb13c6985171a,0.1,,0x,0
345,0xf5b43e0eb85d53bc85235eea70b257f2e5ec727f56875562e35273d43e436619,3772574,1495831818,0x61ff517d087c402f1d7468af223b3818046c50ae,0x9a2e9235f7a7ac7b899e5f3208fbb13c6985171a,0.5,,0x,0
346,0x5435e0552902f655b3a79aeb38d6ada2f9ee94ae6195d9a699dbf7b9a5563770,3772602,1495832377,0x4a6b1a04704f50e863973a1de0de310415e41141,0x9a2e9235f7a7ac7b899e5f3208fbb13c6985171a,0.14,,0x,0
347,0xfe022a91d590ca8a49c80c1ebc60ee870473df57e8cd75607f3e0400cad21cbb,3773666,1495848584,0x33d1b7c8c55d2370dd2a4f4b24f6d0e7b37f2fe4,0x9a2e9235f7a7ac7b899e5f3208fbb13c6985171a,0.6,,0x,0
348,0x67359424ceeb3ea9da70d5bb2884520c4388d0d20ac50e372649dea82b0093e7,3774337,1495859204,0x895c220d54e71f6516d13bad6b7fc247ef31cdf1,0x9a2e9235f7a7ac7b899e5f3208fbb13c6985171a,0.2,,0x,1
349,0xe38de5139cbc329dfc424dc1870a9595cd4814b65f0166dd882dc6497f6fb04e,3774663,1495864548,0xcbf2767f8fd39964b1c4999fd607a68efcea9393,0x9a2e9235f7a7ac7b899e5f3208fbb13c6985171a,4.3,,0x,0
350,0x9d5b4eff59612158a08882e5a52faf08a865894fff1236a0760dd268e241cea9,3776572,1495895127,0x36cef04b8fb1679e877499a564b144b8732358fc,0x9a2e9235f7a7ac7b899e5f3208fbb13c6985171a,0.1,,0x,0
351,0xdfdc3d7d97a0d27de432ccff17081a191749dc8969a2cc8f09bd93090f62268d,3776961,1495901347,0xf240bc8c33ddc28037c641d03e803f967a2d86c1,0x9a2e9235f7a7ac7b899e5f3208fbb13c6985171a,0.302,,0x,0
352,0x33f44b42a96f654924f013f466f39cb31d3051d7328b37545d992804373d1bb8,3777127,1495903815,0x36cef04b8fb1679e877499a564b144b8732358fc,0x9a2e9235f7a7ac7b899e5f3208fbb13c6985171a,0.2,,0x,0
353,0x7f780c7830315c1731746bde10f882518d3729f66ac1458d74fb82b2a7ce784d,3777346,1495907396,0xb456f392da98c700eabadb5aec8d41d9f8965798,0x9a2e9235f7a7ac7b899e5f3208fbb13c6985171a,0.2,,0x,0
354,0xa4c33965ca9f3edeb31f278b78405fd2b61cbf6d730a5c039a224ce6966c849f,3777577,1495910804,0xd4b1ca8d9d61dd14ff5f4eb742e2638ce7c76e6a,0x9a2e9235f7a7ac7b899e5f3208fbb13c6985171a,2.8,,0x,0
355,0x2b6d040ef731453d6b11b2233c0e97d73e2a814da0dcb61b433fa15787439079,3777774,1495913813,0x94910b06ce22fcdc4ebefce45bb923186509cc64,0x9a2e9235f7a7ac7b899e5f3208fbb13c6985171a,0.1,,0x,0
356,0x0ed3c783ed703bf53bb9c3af8beacbab0e1c2d0b8d0ce4eaf68fda39c91752db,3777806,1495914306,0x224ed6f4fe6ac55eabc20c161ea033b53de7af6e,0x9a2e9235f7a7ac7b899e5f3208fbb13c6985171a,0.17,,0x,0
357,0x0dbf352bea66c88fbc78185ce8ceaee5979de3f65ac05a94216c5de868417e6e,3777840,1495914874,0xf5c655764ab02ef733425d4419ea9181fb3aa48d,0x9a2e9235f7a7ac7b899e5f3208fbb13c6985171a,0.29,,0x,0
358,0x37c8dae654a7d402c59138aa1c217bed563baf77e485d06cff73aa5077430c9c,3777851,1495915011,0x61ff517d087c402f1d7468af223b3818046c50ae,0x9a2e9235f7a7ac7b899e5f3208fbb13c6985171a,3.5,,0x,0
359,0x4fbb5570da4dd6a6d0b03357ed9311183aec31ad470a8a4eae866a2f377c6433,3777876,1495915405,0x61ff517d087c402f1d7468af223b3818046c50ae,0x9a2e9235f7a7ac7b899e5f3208fbb13c6985171a,0.5,,0x,0
360,0xb3cb252693d15de8f31d946662a506b26589f0d3f7e22d80ed630e6ac7c3b722,3777886,1495915602,0xbda76bced2d413117bcf47902ba62bf175680df9,0x9a2e9235f7a7ac7b899e5f3208fbb13c6985171a,0.1,,0x,0
361,0x4394eac62e7ab9eaf8b8829eba0b73a327a80a202283065dee74d37520ef6765,3777889,1495915626,0xd66e6580605a90020b63c0f922311f5bdc36725c,0x9a2e9235f7a7ac7b899e5f3208fbb13c6985171a,0.2,,0x,1
362,0x2d276c9740343fbdd56357dc888dea63bd11d92df665b44f2ad6b432d3af0ebb,3777897,1495915709,0xd66e6580605a90020b63c0f922311f5bdc36725c,0x9a2e9235f7a7ac7b899e5f3208fbb13c6985171a,0.2,,0x,0
363,0x642f5f054cd6fd6a51f8d3186ca2a879071b628a35cbda6f54b0bc9dcc6be7d0,3777903,1495915855,0x16fa19bb6344238c9250aeefe53c5f3a54f14f7e,0x9a2e9235f7a7ac7b899e5f3208fbb13c6985171a,6.2,,0x,0
364,0xa58042e7aae800af1f11654fcf6e961bcf08c41fbf0bf9f96daca5c548b097a6,3777913,1495916056,0x4dda0d458aaaf2cc8e129e733eb08fca7cc07499,0x9a2e9235f7a7ac7b899e5f3208fbb13c6985171a,0.01,,0x,0
365,0x567dbe8042ad5565ddf22f1ca2d3db2d63a74bdb76357451ea2eeb20bce3445f,3778057,1495918302,0xeb96cbe87e1d809393c515aaae2789de2bb76641,0x9a2e9235f7a7ac7b899e5f3208fbb13c6985171a,0.1,,0x,0
366,0x9704fa2ae5ee29ac53aae8246dcffd3e45ecf7834d3b3a433146840fb72d8ccd,3778373,1495923473,0xd4b1ca8d9d61dd14ff5f4eb742e2638ce7c76e6a,0x9a2e9235f7a7ac7b899e5f3208fbb13c6985171a,0.5,,0x,0
367,0x480170dbac0bcbe9631af7e60dd14ff5eab92735f961e9fface9c7410082ed86,3778388,1495923701,0x5d6c26a9782c7df2a5d5c7ee3ea17b0c12866b2f,0x9a2e9235f7a7ac7b899e5f3208fbb13c6985171a,0.2,,0x,1
368,0xc3b1a18d508fc9db5212323baf6342c86f46d17489e44c6a5d87e60920c6729a,3778433,1495924417,0x8d5c46ecfd3df3894f7c3b3bebfcbb66b58a9eb6,0x9a2e9235f7a7ac7b899e5f3208fbb13c6985171a,0.1,,0x,0
369,0x82eab077542f75c40fba2c97f05d5d23df9c9dcda98a2d9458552c3167f5453f,3778670,1495928380,0x2d0336b877036dc81142835ad87258af6fcfae28,0x9a2e9235f7a7ac7b899e5f3208fbb13c6985171a,1.0,,0x,0
370,0xbe9f72bc26986cc3dcd170de04d36eb27e919ae4d1e55a0ac299cad1f2993268,3778977,1495933263,0x2726904f208e0e143c5204415e6a2cd5cc66d685,0x9a2e9235f7a7ac7b899e5f3208fbb13c6985171a,0.36,,0x,1
371,0x0966754500a27de80301415a4ad8b6176e05f31d62dc7b727051b8705288831d,3779888,1495948020,0xc00a3c9aef2054cebf736a4452cd5c72cf26cad2,0x9a2e9235f7a7ac7b899e5f3208fbb13c6985171a,0.1,,0x,0
372,0x45ff632f087d7ba05c18b3496050276f29c6461de04cb495b661908bc89939ea,3780222,1495953066,0x4e2764badc693fb7c134499c4885ba1207a1f501,0x9a2e9235f7a7ac7b899e5f3208fbb13c6985171a,2.5,,0x,0
373,0x0793ff52bd6c4ccc4807e0562e9e469adbe9944759fb8910f2bf873a37e67821,3781002,1495965345,0xd3be704c5a0a9b5e71cd78cd091392937887d1fe,0x9a2e9235f7a7ac7b899e5f3208fbb13c6985171a,0.2,,0x,0
374,0x6112db931e2ca6cb4db02cc573089ddfd4fd3cd6f4bb5424ae423ff0c461f772,3781500,1495973229,0x54835666dd39f88fea1727e09558077637322e2d,0x9a2e9235f7a7ac7b899e5f3208fbb13c6985171a,0.1,,0x,0
375,0x16eb92de604fc5743fc2d1fe487eb612955d4cca51fccd45587e2d4967308dcc,3782061,1495982425,0x95ea04999cce305ffc0b11ae1348fce0e1584ad0,0x9a2e9235f7a7ac7b899e5f3208fbb13c6985171a,0.1,,0x,0
376,0xeb7f33284dfe245f832c307275c7e37487ca1828ed18fa202d5169dbb082e3bb,3782600,1495990803,0x4a6b1a04704f50e863973a1de0de310415e41141,0x9a2e9235f7a7ac7b899e5f3208fbb13c6985171a,0.1,,0x,0
377,0xff168d026808a87e4fd16c88010bc5690c11e884dd85fdb80a0f943ddc8007ca,3782881,1495994959,0x61ff517d087c402f1d7468af223b3818046c50ae,0x9a2e9235f7a7ac7b899e5f3208fbb13c6985171a,1.0,,0x,0
378,0x2a9731ce91166af82ed1aa083639fdf7b313015ff53c4f383ee7e6752bb2ddc1,3782987,1495996735,0xd4b1ca8d9d61dd14ff5f4eb742e2638ce7c76e6a,0x9a2e9235f7a7ac7b899e5f3208fbb13c6985171a,1.2,,0x,0
379,0x969a1b3fa1acf3af98add33096176613df549c9881976d6f063bf5d8bdd2b40f,3783250,1496000919,0xcbf2767f8fd39964b1c4999fd607a68efcea9393,0x9a2e9235f7a7ac7b899e5f3208fbb13c6985171a,2.0,,0x,0
380,0x2c5d984a05f78a157dfa8f8f65248910259ef8ffe6c0dcc0d3672743050e80c8,3783312,1496001868,0xbd7e37ee47dae4c20c6ff892fad6b3b7e4c106d8,0x9a2e9235f7a7ac7b899e5f3208fbb13c6985171a,0.2,,0x,0
381,0x1ec293884917529a01cf07739e881adb729d330dd6c927529c74c16cccbee76a,3783324,1496002018,0xce912c683970e6719709acf21523270c2b887478,0x9a2e9235f7a7ac7b899e5f3208fbb13c6985171a,4.0,,0x,0
382,0x809094a85ec0870bf1ab4e06b9fbbb37b99db4ec23ae8a8c6a03efb7862e5888,3783334,1496002218,0x15c77d42756f61252dabdc67620ffcdbad84cd7e,0x9a2e9235f7a7ac7b899e5f3208fbb13c6985171a,0.2,,0x,0
383,0x9ac958d00a18dfcd2a9f4cc063b1d5297a7c9da4ec5f9f535598f0dac6696a3e,3783339,1496002269,0x9c3c56a2f4958dd1e647e387748da3440b475560,0x9a2e9235f7a7ac7b899e5f3208fbb13c6985171a,0.5,,0x,0
384,0x64eddbd3694fb98ff014620a76763e05f256a879575c979d82023f5254764c63,3783344,1496002353,0x2b6ca175dc70bf179ae9e488364fdad620fd271e,0x9a2e9235f7a7ac7b899e5f3208fbb13c6985171a,1.5,,0x,1
385,0x3a1ea2303ed73fffcae01cea46ffdd43b14d9124d50e55a6b4d580c573abfbcf,3783351,1496002398,0x4dda0d458aaaf2cc8e129e733eb08fca7cc07499,0x9a2e9235f7a7ac7b899e5f3208fbb13c6985171a,0.01,,0x,0
386,0x71ed16eae24d6f30a00d6b726df96c867ddb2a334d1c739559b21af9f3739f81,3783535,1496005177,0x8d5c46ecfd3df3894f7c3b3bebfcbb66b58a9eb6,0x9a2e9235f7a7ac7b899e5f3208fbb13c6985171a,0.1,,0x,0
387,0x6a95a4616be324edaeccd2fd8f37471f67b5b779f6f80ee893a3f0789063d2c9,3783628,1496006566,0xeb96cbe87e1d809393c515aaae2789de2bb76641,0x9a2e9235f7a7ac7b899e5f3208fbb13c6985171a,0.14,,0x,0
388,0xd650f75f1142ecf5b85c46fc7269d3b5eb03e3baea0576bcc2c2265861302f43,3783794,1496009293,0x7ed208de41ef4ea2adf5363915ed5ba9237a3838,0x9a2e9235f7a7ac7b899e5f3208fbb13c6985171a,0.5,,0x,0
389,0x6470da4954cdcce390ed70d9bc93cb3d8469b5be293e15f826ccd589d3ee964a,3783990,1496012643,0xc00a3c9aef2054cebf736a4452cd5c72cf26cad2,0x9a2e9235f7a7ac7b899e5f3208fbb13c6985171a,0.24,,0x,0
390,0x71d242a0d714daf0a8b0a8150e78981d2b4e1fa1f24c74be8458d54202474e6f,3784290,1496017326,0xd883de20368e2ef115b02514e087e53768bb29e6,0x9a2e9235f7a7ac7b899e5f3208fbb13c6985171a,0.1,,0x,1
391,0xf5f353c814ae99e6a643197925fefb486a1eefff89dae35f91407bce40eca65c,3784618,1496022323,0x33d1b7c8c55d2370dd2a4f4b24f6d0e7b37f2fe4,0x9a2e9235f7a7ac7b899e5f3208fbb13c6985171a,0.5,,0x,0
392,0xe835a7acef7b38a96938345d2c8a3482286ee7f0d77a94baac3bfe87b1eb3869,3785146,1496030563,0xdde0185bfed19e8842cd8373e26a7a71990696f6,0x9a2e9235f7a7ac7b899e5f3208fbb13c6985171a,0.1,,0x,0
393,0xd8e244cefc2d11555ba9f713b6bb951d07efd6a689381f117593b86ee7eaa479,3786614,1496053588,0x54835666dd39f88fea1727e09558077637322e2d,0x9a2e9235f7a7ac7b899e5f3208fbb13c6985171a,0.23,,0x,0
394,0x90e30c40db1ac11d86aaf58342af3696d7175818c0d5dcc08a094128b8e2e26e,3786676,1496054465,0x13945f618e11d6907f15ee362f0a6100b99f2750,0x9a2e9235f7a7ac7b899e5f3208fbb13c6985171a,0.1,,0x,0
395,0x1439f87bd1c1a6b05dcfa193b7b58c7bf85a5de9e16e2f7e63bf0edce590c702,3786747,1496055543,0x13945f618e11d6907f15ee362f0a6100b99f2750,0x9a2e9235f7a7ac7b899e5f3208fbb13c6985171a,0.11,,0x,0
396,0x27817776e6a5de0a17f55bfc8aab362306724f498ecf47716c91dd57acad5d62,3786755,1496055659,0x9d1972dcf610e88d0a45c315c86c61c1634d00b6,0x9a2e9235f7a7ac7b899e5f3208fbb13c6985171a,0.1,,0x,0
397,0x34b6cfabf1c29bf950d5d49a2d181a364365585a64f8a517244e4ea7230e8789,3787459,1496065985,0x0edf08cad6af42cc6df6892e7181f6b36a85d27d,0x9a2e9235f7a7ac7b899e5f3208fbb13c6985171a,0.1,,0x,0
398,0x5ed2dd2586cc8e549252cf2ae2868b72a2b1d861fceaa10073b0525ccec22e5e,3787868,1496072321,0x06de0f6768b0a73e76f0cea377e286f37f0194ef,0x9a2e9235f7a7ac7b899e5f3208fbb13c6985171a,2.1,,0x,0
399,0xdf22280cc3ec552ef75dc8713fa55cb873488dc6774932c14abebdd444904d79,3787984,1496074254,0x62f31c498623962d3e202117aae88429068e02f1,0x9a2e9235f7a7ac7b899e5f3208fbb13c6985171a,0.19958,,0x,0
400,0xb6e870e9a71bfae4e19b93afe827f28f7d3ecb7144e1d14bb895b4a2b35868bb,3788114,1496076411,0xbd7e37ee47dae4c20c6ff892fad6b3b7e4c106d8,0x9a2e9235f7a7ac7b899e5f3208fbb13c6985171a,0.1,,0x,0
401,0x6e78b985c663d084a627d3ae377f19134493005db1bac4d3ef4a97069b2e05bf,3788653,1496085231,0x8e8c4ac720d98e47a3494147f334e51b813c174a,0x9a2e9235f7a7ac7b899e5f3208fbb13c6985171a,0.52126472,,0x,1
402,0x49041f4e7da8526e7e196f38960054df535618482fffb2f0e6142f0345aa20ed,3788655,1496085265,0xb456f392da98c700eabadb5aec8d41d9f8965798,0x9a2e9235f7a7ac7b899e5f3208fbb13c6985171a,0.15,,0x,0
403,0xc236e6b1beebd10ddd611d4bf661ec3fcceb32f8884cbb960a62577abd618924,3788672,1496085678,0x122f797846331681b5e0191db814c35597ca11bb,0x9a2e9235f7a7ac7b899e5f3208fbb13c6985171a,0.4,,0x,0
404,0x61634c0c2a02a90f1b2e89a70ea06023d427489dd52ffdf6e1490280b389b041,3788676,1496085728,0x8e8c4ac720d98e47a3494147f334e51b813c174a,0x9a2e9235f7a7ac7b899e5f3208fbb13c6985171a,0.517274,,0x,0
405,0xce06dbfc7ed2f5a23b9ca4eacae89090e09897bf4a9e0e31c47d3d3f8e03ddc5,3788678,1496085802,0x61ff517d087c402f1d7468af223b3818046c50ae,0x9a2e9235f7a7ac7b899e5f3208fbb13c6985171a,1.0,,0x,0
406,0x5abbcad09782a2926d222514f6ce0af4f255ac0b12fe1fbdbaca82dbecd38e51,3788704,1496086131,0x9d1972dcf610e88d0a45c315c86c61c1634d00b6,0x9a2e9235f7a7ac7b899e5f3208fbb13c6985171a,0.1,,0x,0
407,0xb598a1d8e97fd1e6e194107b01956db31c1342c0abfa17730d31b7707e91b88e,3788835,1496087876,0x854edf8cad2e56be3b6d7d7d083b25a54d1a9c1a,0x9a2e9235f7a7ac7b899e5f3208fbb13c6985171a,0.35,,0x,0
408,0x575ea354364289ef4450a58a88721b37891ca05b49c76c6369df2caa47bb73df,3788838,1496087933,0x0edf08cad6af42cc6df6892e7181f6b36a85d27d,0x9a2e9235f7a7ac7b899e5f3208fbb13c6985171a,0.16,,0x,0
409,0xfd040a666f2d7de4f1d9e9a111156bb70167a13b1c9b45cfaa42c03812f335ef,3788862,1496088424,0x7e8582b083ac3a197f892f822aa933045d00bf71,0x9a2e9235f7a7ac7b899e5f3208fbb13c6985171a,1.85,,0x,0
410,0x0bfd55d91bcd0d0e18e15700faf23bc6caff485b9e309d0cead7db6b68ff4030,3788871,1496088625,0xbd7e37ee47dae4c20c6ff892fad6b3b7e4c106d8,0x9a2e9235f7a7ac7b899e5f3208fbb13c6985171a,0.1,,0x,0
411,0xc0a5e79889abebec66393ce8bc6831b749e91ebb3a52aecf52283f5a672cde23,3788874,1496088722,0x9c3c56a2f4958dd1e647e387748da3440b475560,0x9a2e9235f7a7ac7b899e5f3208fbb13c6985171a,0.45,,0x,0
412,0x412afe233eeeebc9bc172948137fccfc837bbf55d8dd5e6648d755c7cf08515d,3788876,1496088741,0xbda76bced2d413117bcf47902ba62bf175680df9,0x9a2e9235f7a7ac7b899e5f3208fbb13c6985171a,0.1,,0x,0
413,0xf0d8e47ae5b8e5420b7e517cb622130f00d2dbe2b6f032de958e09c3041ef43f,3788881,1496088786,0x4dda0d458aaaf2cc8e129e733eb08fca7cc07499,0x9a2e9235f7a7ac7b899e5f3208fbb13c6985171a,0.01,,0x,0
414,0x627de410fa861d475b51ffad15acb2538e5bb035c9d7e8750cc2c3f43231dd9c,3788885,1496088908,0x8d5c46ecfd3df3894f7c3b3bebfcbb66b58a9eb6,0x9a2e9235f7a7ac7b899e5f3208fbb13c6985171a,0.1,,0x,0
415,0xe63d2d3b71018740fe73c0d9d2bdf5db630d4464c000ae42d691cd75213bbc77,3788891,1496088976,0xeb96cbe87e1d809393c515aaae2789de2bb76641,0x9a2e9235f7a7ac7b899e5f3208fbb13c6985171a,0.18,,0x,0
416,0x9707feb0cee7c7fa008076bf7fa231d1b663d133815854d04997232532333b98,3788932,1496089473,0xc43c1ba8e68e7c5a53714161173a36d68cd2b711,0x9a2e9235f7a7ac7b899e5f3208fbb13c6985171a,0.01,,0x,0
417,0xeb24cd48bdbf9acce08456be77d89697e93d206d6f3de6f5a4e32dbfd0ff608a,3788932,1496089473,0x54835666dd39f88fea1727e09558077637322e2d,0x9a2e9235f7a7ac7b899e5f3208fbb13c6985171a,0.1,,0x,0
418,0xd389c21d2fd7043e6b6a985024bdd73e578abe9fcc49ee53e8fcaf715c06912f,3788978,1496090262,0x0edf08cad6af42cc6df6892e7181f6b36a85d27d,0x9a2e9235f7a7ac7b899e5f3208fbb13c6985171a,0.105,,0x,0
419,0xd82bcc6c2875a81bcc243e811ff53742ed120fc2a77710566b88bcee14f158b7,3789612,1496099800,0xc00a3c9aef2054cebf736a4452cd5c72cf26cad2,0x9a2e9235f7a7ac7b899e5f3208fbb13c6985171a,0.32,,0x,0
420,0xacaf11b8eb3f572a8f0738863dafa97c3e31932e0335b4e2e9b1adb1e8b5fee9,3790257,1496109374,0xf9f8a58e1af41048e573e35a3be76752e441435e,0x9a2e9235f7a7ac7b899e5f3208fbb13c6985171a,0.5,,0x,0
421,0x6e3891af18db3183c162af55e8f50132756fbcd4953bc437894ad95764963a4a,3791278,1496125443,0xd392d3e2fe6ac65af3776352d15f0eb3a7418b1a,0x9a2e9235f7a7ac7b899e5f3208fbb13c6985171a,0.299559,,0x,0
422,0x9baeb13f02611c09beb60e18777d22558a7fee4d234acb3211aa25f7f320298e,3791362,1496126832,0xdde0185bfed19e8842cd8373e26a7a71990696f6,0x9a2e9235f7a7ac7b899e5f3208fbb13c6985171a,0.2,,0x626964,0
423,0xb3259456c792bd7d97f699832587958c927d2848e2274d1c7821f8b6c506cf45,3791703,1496132304,0x6df8a9b56594860392a7d652640c5180cbdd92d3,0x9a2e9235f7a7ac7b899e5f3208fbb13c6985171a,0.989559,,0x,0
424,0x7e1e47fa628a5d7ed38c1e958f8d761ba6734112c6087263ca825cd07c5d1000,3792018,1496137566,0x9d1972dcf610e88d0a45c315c86c61c1634d00b6,0x9a2e9235f7a7ac7b899e5f3208fbb13c6985171a,0.1,,0x,0
425,0x99c5313ed2aed1af9e31f7d888986673dfb115fd2afe8fba487f86435d18d898,3792376,1496143222,0x5fea97ac8ad5f988e662f11e07ab3cf8f6aac5e3,0x9a2e9235f7a7ac7b899e5f3208fbb13c6985171a,0.02,,0x,1
426,0x3b0ae6d62468c0f08304e0451039f75965e68a6d120e37290cb1d5bb5272dbe3,3792568,1496146150,0x5fea97ac8ad5f988e662f11e07ab3cf8f6aac5e3,0x9a2e9235f7a7ac7b899e5f3208fbb13c6985171a,0.1,,0x,0
427,0x1b2cf17b00f45bdc723ce8dcdc8e4bdf3e1b4e3640e4716a251753a9748597b7,3792615,1496147044,0x13945f618e11d6907f15ee362f0a6100b99f2750,0x9a2e9235f7a7ac7b899e5f3208fbb13c6985171a,0.28,,0x,0
428,0x755fe1a14854997ea0abb0b4fc87c54a0455544c95cf53faa9fb034be9e4f2c6,3793177,1496155498,0x7ecf7936acfcd5c5f7b3cba24abce98d6e4e43b2,0x9a2e9235f7a7ac7b899e5f3208fbb13c6985171a,0.4,,0x,0
429,0xcd96bee61a3256f2da71f93ae64365515e195ddb5079a28ef5ee685f499c0516,3793296,1496157296,0x9de5109d3d86f23403d195ad7ec3dfa6ca5f3f0d,0x9a2e9235f7a7ac7b899e5f3208fbb13c6985171a,0.2,,0x,0
430,0x25d2c7400c3cbb1810a57099b7980b7aba4b5d3926da9212388c8da8cbe19522,3793958,1496167560,0x95ea04999cce305ffc0b11ae1348fce0e1584ad0,0x9a2e9235f7a7ac7b899e5f3208fbb13c6985171a,0.28,,0x,0
431,0xf94720032f7d5e22030315fd34ce57041241f07a424b8276c96924b83053b5bc,3793983,1496167872,0xd66e6580605a90020b63c0f922311f5bdc36725c,0x9a2e9235f7a7ac7b899e5f3208fbb13c6985171a,0.1,,0x,1
432,0x8e3588944f912aa2db37ee817136813261089d9a7f4cb9fa421f0f815ca9f1d9,3793998,1496168067,0xd66e6580605a90020b63c0f922311f5bdc36725c,0x9a2e9235f7a7ac7b899e5f3208fbb13c6985171a,0.1,,0x,0
433,0x0fe99852297de8a387148326b477e7a8bcc8aed5c47e0de2a12169fdaf3d2162,3794037,1496168492,0x8e8c4ac720d98e47a3494147f334e51b813c174a,0x9a2e9235f7a7ac7b899e5f3208fbb13c6985171a,0.57,,0x,0
434,0x0737b554ac4947ba6c2e6421a56166c88ff412248c6555a6fdda524a8f9ee9ba,3794089,1496169159,0x95ea04999cce305ffc0b11ae1348fce0e1584ad0,0x9a2e9235f7a7ac7b899e5f3208fbb13c6985171a,0.1,,0x,0
435,0x2b4d3ee5c73e48dd10d6dee2f75ea3319121d3acdadd99c5c93823ecbc7b9213,3794408,1496174114,0x7e8582b083ac3a197f892f822aa933045d00bf71,0x9a2e9235f7a7ac7b899e5f3208fbb13c6985171a,0.5,,0x,0
436,0xf3cfff0dd7d65b071bcbe503765cdf815a8f03b3b0f892b848f18e28b40cc632,3794414,1496174172,0x94910b06ce22fcdc4ebefce45bb923186509cc64,0x9a2e9235f7a7ac7b899e5f3208fbb13c6985171a,0.1,,0x,0
437,0xf66c97e45757e39d2bd6bcaa0a04291434a3dd621beb63caf8ebc38f31ac6e11,3794444,1496174564,0x8e8c4ac720d98e47a3494147f334e51b813c174a,0x9a2e9235f7a7ac7b899e5f3208fbb13c6985171a,0.124,,0x,0
438,0xf77604aaf61f8bd1d2a7c755671e8f030352acc3243100ff495d2ea2cfb07f64,3794448,1496174627,0x0edf08cad6af42cc6df6892e7181f6b36a85d27d,0x9a2e9235f7a7ac7b899e5f3208fbb13c6985171a,0.11,,0x,0
439,0xa8d45c5d912b6882f8856de077ce833eb105f8b3f1413fcc8c5178a15d0043a9,3794460,1496174849,0x7e8582b083ac3a197f892f822aa933045d00bf71,0x9a2e9235f7a7ac7b899e5f3208fbb13c6985171a,1.0,,0x,0
440,0x66e42b58b657ed9e9d38b23491fc6a18b84b0954eb556cecd7c6499ed18eec23,3794473,1496175047,0x15c77d42756f61252dabdc67620ffcdbad84cd7e,0x9a2e9235f7a7ac7b899e5f3208fbb13c6985171a,0.3,,0x,0
441,0x2855f1823ff78f5b8fc40c0a6d35ec6f1dfe7217b930d538ad2f8b714d1c0e0b,3794478,1496175131,0x9c3c56a2f4958dd1e647e387748da3440b475560,0x9a2e9235f7a7ac7b899e5f3208fbb13c6985171a,0.6,,0x,0
442,0x895a69609f23d74c988f7be16d185022b1a2c7e5cada94a670e969c2dc7fbd6e,3794478,1496175131,0x2b6ca175dc70bf179ae9e488364fdad620fd271e,0x9a2e9235f7a7ac7b899e5f3208fbb13c6985171a,0.5,,0x,0
443,0x2d138e91c37e2f233fa6b6503278e27a185c9c56cb993d7de6f381a8bc45791d,3794480,1496175145,0x9d1972dcf610e88d0a45c315c86c61c1634d00b6,0x9a2e9235f7a7ac7b899e5f3208fbb13c6985171a,1.0,,0x,0
444,0x8884ce33677485e3bc0c450fd1d18f4436355309c3b14d119c3ad295cb3d3413,3794483,1496175201,0x4dda0d458aaaf2cc8e129e733eb08fca7cc07499,0x9a2e9235f7a7ac7b899e5f3208fbb13c6985171a,0.01,,0x,0
445,0xbedf25948ea712f3e8e838671b42c4eb9e00d4015624c6dcad05dd5db06dd4a3,3794489,1496175269,0x8d5c46ecfd3df3894f7c3b3bebfcbb66b58a9eb6,0x9a2e9235f7a7ac7b899e5f3208fbb13c6985171a,0.1,,0x,0
446,0xd30c222b4d93c30692979d87d8fcce21dd83ea96be0fd12a088e56fd0c329082,3794503,1496175584,0xc00a3c9aef2054cebf736a4452cd5c72cf26cad2,0x9a2e9235f7a7ac7b899e5f3208fbb13c6985171a,0.325,,0x,0
447,0x470c8e2117e8ebbe127815667bc93b50ba1ae71db65eb32ba4de96fb5528cb6e,3794604,1496176873,0x54835666dd39f88fea1727e09558077637322e2d,0x9a2e9235f7a7ac7b899e5f3208fbb13c6985171a,0.1,,0x,0
448,0xd01cbff9be7abf4923fd9f13dcb04d261854a6730edc42f27219a82df5e7c36a,3795225,1496186866,0xeb96cbe87e1d809393c515aaae2789de2bb76641,0x9a2e9235f7a7ac7b899e5f3208fbb13c6985171a,0.18,,0x,0
449,0x3472fcc6d2ff3d43900ab9843b7858aba65e623bcb87f5eeb8f08300b97c845b,3795958,1496198686,0x33d1b7c8c55d2370dd2a4f4b24f6d0e7b37f2fe4,0x9a2e9235f7a7ac7b899e5f3208fbb13c6985171a,0.38,,0x,0
450,0x00a55c5b946ec503c135ec9ed3af57daf70c8f33109e670ba49f17bde6ec0b0b,3796558,1496207800,0x7e8582b083ac3a197f892f822aa933045d00bf71,0x9a2e9235f7a7ac7b899e5f3208fbb13c6985171a,1.5,,0x,0
451,0xcb81482a130e675f533b0b28b0dcfeb8c3287c23cb0098d2c4e4c30dac2b3fba,3796846,1496212264,0x41b70f951abc5dd10fdd433c322e4957f3978d48,0x9a2e9235f7a7ac7b899e5f3208fbb13c6985171a,0.1,,0x,0
452,0x5d64cd3de7876317538cdce9ec0f180acb2fcc43f29ea13fd05ed4a4664741eb,3797222,1496218203,0x163a03005c74b81e88f4b4484f74422d2844a51d,0x9a2e9235f7a7ac7b899e5f3208fbb13c6985171a,0.1,,0x,0
453,0x3bd11191dd50b49315f7861d6541388ac682b92a627bd35ae91b85f42a63a85d,3797906,1496229336,0x8d19a970c38a50f5724a078015c60bf9c7b4851d,0x9a2e9235f7a7ac7b899e5f3208fbb13c6985171a,0.1,,0x,0
454,0x8061d986032f516c0b3c9c2f02f54a9a84456f9f8085219d58afd0812e051ccf,3797990,1496230643,0x9d1972dcf610e88d0a45c315c86c61c1634d00b6,0x9a2e9235f7a7ac7b899e5f3208fbb13c6985171a,0.2,,0x,0
455,0x0382f7e36efebdf5800f8696180b633940acf296c05126e25dac18440ca1839d,3798298,1496235315,0xa22aca6399f4aae3548fa4a16f85bc3b684fe936,0x9a2e9235f7a7ac7b899e5f3208fbb13c6985171a,0.1,,0x,0
456,0xa02b5f702d6eb6999a9a5d3b84c453fa31d29f0806f45e5355f42bddb0dcc0c9,3798342,1496236018,0xe17d228b2ccfb1d8cadfd86622b672de33796b98,0x9a2e9235f7a7ac7b899e5f3208fbb13c6985171a,0.2,,0x,0
457,0x6ac21e74dd5904be9615a3496e4766d536dcce365b25ce377bbb601171f60c2e,3798535,1496239070,0xdde0185bfed19e8842cd8373e26a7a71990696f6,0x9a2e9235f7a7ac7b899e5f3208fbb13c6985171a,0.2,,0x426964,0
458,0x41d28e93a03250cd5f2b38e471184969bf02f72b2288e78e4e0f08e79862a153,3798585,1496239783,0x2d0336b877036dc81142835ad87258af6fcfae28,0x9a2e9235f7a7ac7b899e5f3208fbb13c6985171a,2.0,,0x,0
459,0x5a09bfb08bfc740bb212730d970e0fd64352f1620134eba5f467712f558758f8,3799342,1496252341,0x6652825b577a3ff5b4749e1e8f7c4b3d8c4a8577,0x9a2e9235f7a7ac7b899e5f3208fbb13c6985171a,0.1,,0x,0
460,0x8601cda65e2a3fd9fffce11da6183a36c033bc01a28ba29875cea6ec7b397e2c,3799421,1496253573,0xbda76bced2d413117bcf47902ba62bf175680df9,0x9a2e9235f7a7ac7b899e5f3208fbb13c6985171a,0.2,,0x,0
461,0xa679ba9b37d6c76161d1a6d36c78e043d0795f0683f3a7d4c98ffd94d5247a1b,3799436,1496253728,0xbda76bced2d413117bcf47902ba62bf175680df9,0x9a2e9235f7a7ac7b899e5f3208fbb13c6985171a,0.2,,0x,0
462,0xdb89cd93a27876e76407961ce2e08377f2fced9786b8e0257036e4e0d5d71c7b,3799606,1496256285,0x6238e16c9283ad9f99249f8d1a64f452261c9a19,0x9a2e9235f7a7ac7b899e5f3208fbb13c6985171a,0.1,,0x,0
463,0xdc8768b7373e504e0c093ab3a56b1afc5dc9a97fba0496a45350c4597e0ffc72,3799837,1496260259,0x8e8c4ac720d98e47a3494147f334e51b813c174a,0x9a2e9235f7a7ac7b899e5f3208fbb13c6985171a,0.703783,,0x,0
464,0xd2cf78c7f86a8a08434719635e74727b5cfa215c67e8aadc4259e7e1ca6f6cd3,3799859,1496260544,0x0edf08cad6af42cc6df6892e7181f6b36a85d27d,0x9a2e9235f7a7ac7b899e5f3208fbb13c6985171a,0.22,,0x,0
465,0xf30715bab600d151af8e3cbc1def8563f2f9cd58c487a0e459f39fc90a032af8,3799887,1496260948,0x7b84427c14622e8ee9f81680e47a91cd60f9a70e,0x9a2e9235f7a7ac7b899e5f3208fbb13c6985171a,0.1,,0x,0
466,0x41cb2e180e62465c59e848707ddd2c3b9c94dfecdee8d53b545b30395a083026,3799912,1496261326,0x7ed1e469fcb3ee19c0366d829e291451be638e59,0x9a2e9235f7a7ac7b899e5f3208fbb13c6985171a,1.0,,0x,0
467,0xf350c6fb2c7c5d44afb4cf962f6d6c0faff2a495c55b08c6801f09c861c99c50,3799930,1496261508,0xd4b1ca8d9d61dd14ff5f4eb742e2638ce7c76e6a,0x9a2e9235f7a7ac7b899e5f3208fbb13c6985171a,2.5,,0x,0
468,0x24eececa46cef081fa6dff1052d3cf83f47cef07698626e42b588edc1150eea2,3799946,1496261736,0x4dda0d458aaaf2cc8e129e733eb08fca7cc07499,0x9a2e9235f7a7ac7b899e5f3208fbb13c6985171a,0.01,,0x,0
469,0xe56be551f3e96734657cfd194fdecd9f28c448ab84f2e029e1aa45a151713dbe,3799948,1496261789,0x4dda0d458aaaf2cc8e129e733eb08fca7cc07499,0x9a2e9235f7a7ac7b899e5f3208fbb13c6985171a,0.01,,0x,0
470,0x47baa70629708ef873d478d67fbbd2e48716b54e864a46377aa7a93074a83b5f,3799958,1496262017,0x54835666dd39f88fea1727e09558077637322e2d,0x9a2e9235f7a7ac7b899e5f3208fbb13c6985171a,0.1,,0x,0
471,0x6751fe52db43a90c5f73c57b17f8bceb6e15533501f455a94795115020a7e10b,3800096,1496264174,0x6652825b577a3ff5b4749e1e8f7c4b3d8c4a8577,0x9a2e9235f7a7ac7b899e5f3208fbb13c6985171a,0.1,,0x,0
472,0x9388211c869cb7a5dda47db0fda7d2f7bff2c89eea5dc8dce85e7f757981d92b,3800452,1496270096,0xc00a3c9aef2054cebf736a4452cd5c72cf26cad2,0x9a2e9235f7a7ac7b899e5f3208fbb13c6985171a,0.17,,0x,0
473,0xb138a3583ecaea0f1ee7c70751f414de6fc022a77bfa4e61cd2f24481b9e4b8f,3800569,1496272094,0x6df8a9b56594860392a7d652640c5180cbdd92d3,0x9a2e9235f7a7ac7b899e5f3208fbb13c6985171a,0.3,,0x,0
474,0xa9f5b34dddccf54788c058412bfe698d96b2de7e08269702b0cf083113f7e2fc,3801001,1496278128,0x7ed1e469fcb3ee19c0366d829e291451be638e59,0x9a2e9235f7a7ac7b899e5f3208fbb13c6985171a,1.09,,0x,0
475,0x4af2db24645b509e1c4f3a620be92581a6f7df211d1b27c3785d3e783fb45f23,3801464,1496286032,0x9772b3cec859b5b38545107e4d793818f6f9456d,0x9a2e9235f7a7ac7b899e5f3208fbb13c6985171a,0.1,,0x,0
476,0x97385c34532be6457da79155e21959e865afc177380af3de56dce7c4538e6dad,3801671,1496289508,0x8d5c46ecfd3df3894f7c3b3bebfcbb66b58a9eb6,0x9a2e9235f7a7ac7b899e5f3208fbb13c6985171a,0.1,,0x,0
477,0x8cfa33d90768785ea65bb6ebeba324720388136a93e6347cc3f7a834403242f6,3801973,1496294399,0xc43c1ba8e68e7c5a53714161173a36d68cd2b711,0x9a2e9235f7a7ac7b899e5f3208fbb13c6985171a,0.01,,0x,1
478,0xab0c726c2566e2cd50e4cf9f24f5e3a19c480f341476bf5ffcdd83f546cc9b63,3801980,1496294491,0xc43c1ba8e68e7c5a53714161173a36d68cd2b711,0x9a2e9235f7a7ac7b899e5f3208fbb13c6985171a,0.01,,0x,1
479,0x4ad86a226168aafe184257ab80bd1ec190fb58d93becd6712888cb4fc68fff23,3801991,1496294659,0xc43c1ba8e68e7c5a53714161173a36d68cd2b711,0x9a2e9235f7a7ac7b899e5f3208fbb13c6985171a,0.01,,0x,1
480,0x70e093b7ea3389a23beb871eadd2e5e80e338d75f402df67bbb801a0731a64a2,3802372,1496301211,0x33d1b7c8c55d2370dd2a4f4b24f6d0e7b37f2fe4,0x9a2e9235f7a7ac7b899e5f3208fbb13c6985171a,0.4,,0x,0
481,0x9f1309501511c939bd906e9cacf9cef81aa83e7bc36548989ec958e1af31d3bc,3802639,1496305722,0xeb96cbe87e1d809393c515aaae2789de2bb76641,0x9a2e9235f7a7ac7b899e5f3208fbb13c6985171a,0.1,,0x,0
482,0x2d3c5cc6d40e610aa95959bd6f21f3f47063e1e0c640d08805d48e912595646e,3802826,1496308874,0xefa61f6a22c3f6235802a2dc39ff6c27516ff4fa,0x9a2e9235f7a7ac7b899e5f3208fbb13c6985171a,0.1,,0x,0
483,0xb178eee20cbc81ca2a5c4d24d7e26bb640a1c64843f78c4be412c0099bc490a1,3803774,1496324374,0x9de5109d3d86f23403d195ad7ec3dfa6ca5f3f0d,0x9a2e9235f7a7ac7b899e5f3208fbb13c6985171a,0.2,,0x,0
484,0x9ef65ca6c25cdf1cda47a6b9c661eef87cefa1eb3ba67d60860ce64ee927fb5c,3803908,1496326767,0xdde0185bfed19e8842cd8373e26a7a71990696f6,0x9a2e9235f7a7ac7b899e5f3208fbb13c6985171a,0.1,,0x426964,0
485,0x24a9f3620cf5b3497a40598d930bdc46342b35ba2e05bd94d4b40fcba756e29d,3804223,1496331678,0x4e2764badc693fb7c134499c4885ba1207a1f501,0x9a2e9235f7a7ac7b899e5f3208fbb13c6985171a,1.85,,0x,0
486,0x1529df7c403abe095332cfdb67f5206e41cc3edaf65d455d12a19be32c91edf3,3804965,1496343842,0x9d1972dcf610e88d0a45c315c86c61c1634d00b6,0x9a2e9235f7a7ac7b899e5f3208fbb13c6985171a,0.2,,0x,0
487,0x9cb2618dfe6f7bd823ca88c11b6385eb828f0e38da4903dea4ab10c640625358,3804972,1496343928,0x9d1972dcf610e88d0a45c315c86c61c1634d00b6,0x9a2e9235f7a7ac7b899e5f3208fbb13c6985171a,0.5,,0x,0
488,0xe15970cd4dbf326858891bff7c10c9f7a1305618e4e72b10a9efe844e2402754,3805066,1496345501,0x8487738a1cb65e9dedb9e1d86d4457690bcfe28d,0x9a2e9235f7a7ac7b899e5f3208fbb13c6985171a,0.5,,0x,0
489,0xface0acbf01602054a90c116c7303bfed311125cca01617ee682b887113e9a19,3805137,1496346486,0xb456f392da98c700eabadb5aec8d41d9f8965798,0x9a2e9235f7a7ac7b899e5f3208fbb13c6985171a,0.2,,0x,0
490,0x80faf4606c78c8cd9dec0b5356b098e5640d450528135b759c8c6cf71eededb9,3805148,1496346677,0xe17d228b2ccfb1d8cadfd86622b672de33796b98,0x9a2e9235f7a7ac7b899e5f3208fbb13c6985171a,0.2,,0x,0
491,0xbae98344fadcb24250ea372dbbeea16e510de73f39514b32a972b4399f678044,3805226,1496347776,0xd66e6580605a90020b63c0f922311f5bdc36725c,0x9a2e9235f7a7ac7b899e5f3208fbb13c6985171a,0.2,,0x,0
492,0xe2e9eb6f772221bbdc6600a00a8e9217d97dc0adbefb3fea1ce86f7669693625,3805226,1496347776,0x94910b06ce22fcdc4ebefce45bb923186509cc64,0x9a2e9235f7a7ac7b899e5f3208fbb13c6985171a,0.1,,0x,0
493,0xd9a70e526bf21c2046dd33dca1abbccf7d29ab581c8908462daa7025610612b9,3805229,1496347813,0xe49033381db306ec779d5874bf6bcaaedac668c7,0x9a2e9235f7a7ac7b899e5f3208fbb13c6985171a,0.45,,0x,0
494,0x6ce62746b461f8015870e7918808b7f29d5ecc21901a2e4286861669cba00e07,3805232,1496347859,0x7b84427c14622e8ee9f81680e47a91cd60f9a70e,0x9a2e9235f7a7ac7b899e5f3208fbb13c6985171a,1.4,,0x,0
495,0xe89ec405792b8467a798f79d5243042938b1f8656021ee8a09eb038127a5fb8b,3805232,1496347859,0x39927d5e2f268608f9ca671718be40f3c1df2e07,0x9a2e9235f7a7ac7b899e5f3208fbb13c6985171a,0.2,,0x,0
496,0x054c282e8428102ed38c720b27c79e97ce881ef74e2e40fa65edee5676914218,3805233,1496347910,0xd4b1ca8d9d61dd14ff5f4eb742e2638ce7c76e6a,0x9a2e9235f7a7ac7b899e5f3208fbb13c6985171a,4.5,,0x,0
497,0x2f3e8b96af6697e4973e18d3415fddc6773bb7acc270fc178dce195d52826ecf,3805233,1496347910,0xd66e6580605a90020b63c0f922311f5bdc36725c,0x9a2e9235f7a7ac7b899e5f3208fbb13c6985171a,0.2,,0x,0
498,0x37f89dc38ebf2703604e8dc3d9de3c79e754f428f9e7e81590bf53fd4f42cb00,3805238,1496348017,0x4dda0d458aaaf2cc8e129e733eb08fca7cc07499,0x9a2e9235f7a7ac7b899e5f3208fbb13c6985171a,0.01,,0x,0
499,0x792288cbdb65b586403d47a76dc1b0b02cde65b2dff2719a04c1f8d29f18b4b3,3805248,1496348125,0x8d5c46ecfd3df3894f7c3b3bebfcbb66b58a9eb6,0x9a2e9235f7a7ac7b899e5f3208fbb13c6985171a,0.1,,0x,0
500,0x087a97a896539cefce3f46903cc035b1981089e31a208d069947d3f0ec07f35e,3805275,1496348636,0x54835666dd39f88fea1727e09558077637322e2d,0x9a2e9235f7a7ac7b899e5f3208fbb13c6985171a,0.1,,0x,0
501,0x4068cadbd2374d938c0ad9b9c3cb77bbd8f6791b254dde75dabcfee999ad2bb5,3805677,1496355541,0xb456f392da98c700eabadb5aec8d41d9f8965798,0x9a2e9235f7a7ac7b899e5f3208fbb13c6985171a,0.15,,0x,0
502,0xbdd81e778c857d65aa1c0a3b23fe7c2ac3d943c0a1329d3f0307543f271ac034,3806729,1496373715,0xefa61f6a22c3f6235802a2dc39ff6c27516ff4fa,0x9a2e9235f7a7ac7b899e5f3208fbb13c6985171a,0.1,,0x,0
503,0x0c598a39e5d642980e02f61d7e0c190a9bbb79a76819b4fb5255be9221c70acd,3806895,1496376237,0xd00479c075a685816c6b4b5ec0326c3996a4e7fc,0x9a2e9235f7a7ac7b899e5f3208fbb13c6985171a,0.15,,0x,0
504,0x620c344cb33b7005b665554657875a1fb67ec8d43819d70c91f304b28ef7801a,3808001,1496394446,0x9d1972dcf610e88d0a45c315c86c61c1634d00b6,0x9a2e9235f7a7ac7b899e5f3208fbb13c6985171a,0.1,,0x,0
505,0x5e71698fca8d5ce8da0931daaee9a0746f37f0f52d1884b8e41f420e3cb786c9,3808709,1496406498,0xe49033381db306ec779d5874bf6bcaaedac668c7,0x9a2e9235f7a7ac7b899e5f3208fbb13c6985171a,1.5,,0x,0
506,0xdaa671c37f0a7c11344a7dd9bb0754488882128e3f03c4826da8eb376a64ddfc,3809463,1496419482,0xdde0185bfed19e8842cd8373e26a7a71990696f6,0x9a2e9235f7a7ac7b899e5f3208fbb13c6985171a,0.1,,0x,0
507,0x4f8c071430b11879b34dc6d764a95c6b1f127a3d139d5f40fe35253508ab9ff4,3809888,1496426629,0x7ed1e469fcb3ee19c0366d829e291451be638e59,0x9a2e9235f7a7ac7b899e5f3208fbb13c6985171a,0.11,,0x,0
508,0xb51167d04af3b11f0156552a782b1ee38b9b0466e0da28dfe5f45454f83cf0bb,3809895,1496426806,0x2b6ca175dc70bf179ae9e488364fdad620fd271e,0x9a2e9235f7a7ac7b899e5f3208fbb13c6985171a,0.8,,0x,0
509,0x0aa2d0963332d6ac44d9e6ea26a1a0a10f68c2c527aa7e6297d8c7394183d76c,3809981,1496428213,0x5098edb8a0a25a7cd021aeceea9162dd48f37069,0x9a2e9235f7a7ac7b899e5f3208fbb13c6985171a,0.1,,0x,0
510,0x8817c685f331889fd0ccfde3a8d9408873a651ee96f53fbe30893106d077addf,3810153,1496431328,0x89523cdc360f909fbb2b31eb73935454b8ae176b,0x9a2e9235f7a7ac7b899e5f3208fbb13c6985171a,0.2,,0x,0
511,0xf4cf4b4f008567c0f6bb63a88d7d090378e9ca8a3adc3c34138e1ee6969bfed3,3810153,1496431328,0xe71979c345bf7c0a4e3fe350cf0fd186470d4ddc,0x9a2e9235f7a7ac7b899e5f3208fbb13c6985171a,1.0,,0x,0
512,0xd50496b21b505cd1e93b7dd4a6eebe91ae26a38392e1e5edadb69fca25d71223,3810234,1496432696,0xf9f8a58e1af41048e573e35a3be76752e441435e,0x9a2e9235f7a7ac7b899e5f3208fbb13c6985171a,1.0,,0x,0
513,0x8cdb8022e004888d3a62796dc562a049b20d2d7568a21ad7183240de8f2c2905,3810234,1496432696,0x8e8c4ac720d98e47a3494147f334e51b813c174a,0x9a2e9235f7a7ac7b899e5f3208fbb13c6985171a,0.370622,,0x,0
514,0xfa38e645a3abf9f82e1411ee38e1d84fec4b28ad4149e873b3d868c244a806a5,3810264,1496433149,0x6df8a9b56594860392a7d652640c5180cbdd92d3,0x9a2e9235f7a7ac7b899e5f3208fbb13c6985171a,0.2,,0x,0
515,0x020fe4767f3203cda997f6fa29e6038b5feed2a5a8f897040fc65ad478093838,3810280,1496433427,0xe17d228b2ccfb1d8cadfd86622b672de33796b98,0x9a2e9235f7a7ac7b899e5f3208fbb13c6985171a,0.2,,0x,0
516,0x42b68e8f49e6a157fd6ecc4a1e07bfc26723862d4930bcae250adfc0353fbcc6,3810282,1496433538,0x2b8ca04098460f3cdf60170699433610ceeabad2,0x9a2e9235f7a7ac7b899e5f3208fbb13c6985171a,0.01,,0x,1
517,0x551006fe8b0fa746038b38c77a16879fe51160b03842fc707008a083cabca910,3810282,1496433538,0x3b8d9dc92aec300d39f443138a3807ecff5fee6e,0x9a2e9235f7a7ac7b899e5f3208fbb13c6985171a,0.3,,0x,0
518,0x994e16b7aea41a49d72db7f673828a93dd76ce8d1b44fa43558ed06612a3e752,3810319,1496434191,0xe17d228b2ccfb1d8cadfd86622b672de33796b98,0x9a2e9235f7a7ac7b899e5f3208fbb13c6985171a,0.1,,0x,0
519,0x78555f24f608175237a1ddb0abc223e3833a7280a558310a37dad788e9f3269e,3810319,1496434191,0x61ff517d087c402f1d7468af223b3818046c50ae,0x9a2e9235f7a7ac7b899e5f3208fbb13c6985171a,0.5,,0x,0
520,0x22fb8502c27f4dec9fe9717dca1de3a95341824305fae02ab7b78248ce583e97,3810322,1496434274,0xbd7e37ee47dae4c20c6ff892fad6b3b7e4c106d8,0x9a2e9235f7a7ac7b899e5f3208fbb13c6985171a,0.1,,0x,0
521,0x5b7eba94e1c88f1a3c65cc9a4d38b14da48204f575627fea17bae0998af676f6,3810322,1496434274,0x15c77d42756f61252dabdc67620ffcdbad84cd7e,0x9a2e9235f7a7ac7b899e5f3208fbb13c6985171a,0.4,,0x,0
522,0x6d7e7fa6d8ebbc6c95d84381a578e475b2b55699780393b49c217bb43d5f866d,3810322,1496434274,0x5098edb8a0a25a7cd021aeceea9162dd48f37069,0x9a2e9235f7a7ac7b899e5f3208fbb13c6985171a,0.1,,0x,0
523,0x7c211508605b35253fbaeef3b34bab0bcf6732f86ac77ef8126462bd12c4df59,3810323,1496434310,0xd4b1ca8d9d61dd14ff5f4eb742e2638ce7c76e6a,0x9a2e9235f7a7ac7b899e5f3208fbb13c6985171a,2.0,,0x,0
524,0x26a6f21783cf321a7c9f41891f1ee21a21449217d660714d52c823b1f87e84a4,3810323,1496434310,0x8d19a970c38a50f5724a078015c60bf9c7b4851d,0x9a2e9235f7a7ac7b899e5f3208fbb13c6985171a,0.1,,0x,0
525,0xf4158f3d3d1d474a1ffd9d2b4dab36dfcca445ff81e8a13f5306cb2f926c7059,3810324,1496434344,0xbda76bced2d413117bcf47902ba62bf175680df9,0x9a2e9235f7a7ac7b899e5f3208fbb13c6985171a,0.5,,0x,0
526,0xe95f4c9669cee173237bf70458954b534e58d15f23457808e69e391636287643,3810324,1496434344,0x5098edb8a0a25a7cd021aeceea9162dd48f37069,0x9a2e9235f7a7ac7b899e5f3208fbb13c6985171a,0.1,,0x,0
527,0x61cd953b66a18731b2b9e806fc8d98d7eee23f102d6f74420083a602e9772ece,3810334,1496434522,0x4dda0d458aaaf2cc8e129e733eb08fca7cc07499,0x9a2e9235f7a7ac7b899e5f3208fbb13c6985171a,0.01,,0x,0
528,0x6fd58fc35443e774aceb741516df08a0cd18d33af9a94f772255b35601ffbe5c,3810334,1496434522,0x4dda0d458aaaf2cc8e129e733eb08fca7cc07499,0x9a2e9235f7a7ac7b899e5f3208fbb13c6985171a,0.01,,0x,0
529,0xf8df9bfcfc4883cd9dfc8ae53699dbb444c4e305428541e3ba6157d5b302a115,3810347,1496434746,0xf9f8a58e1af41048e573e35a3be76752e441435e,0x9a2e9235f7a7ac7b899e5f3208fbb13c6985171a,0.1,,0x,0
530,0x541823294a9c8d04b495048a8356a8664584a97b8a299a2177d0a11cf6aea903,3810745,1496441510,0x8e8c4ac720d98e47a3494147f334e51b813c174a,0x9a2e9235f7a7ac7b899e5f3208fbb13c6985171a,0.1,,0x,0
531,0x291cad9712dd8b7fd6d5aac463131cc0f33718c00f88ca79041926469723d9df,3810955,1496445225,0x41fb95d55fb0b353a82814a876cd0beea2b29337,0x9a2e9235f7a7ac7b899e5f3208fbb13c6985171a,0.15,,0x,0
532,0x388a8015a49feb36fd7cbb2fb82f48eec69350119cde4f1f2559c241cc842447,3811147,1496448109,0x8d5c46ecfd3df3894f7c3b3bebfcbb66b58a9eb6,0x9a2e9235f7a7ac7b899e5f3208fbb13c6985171a,0.1,,0x,0
533,0x37316476a51adc662bce88a639920d6afb5fd9b64c42c9e49ca9d0d7251b80ab,3811775,1496458649,0x64399fb3863028026bb64fc8dc7526036c298bff,0x9a2e9235f7a7ac7b899e5f3208fbb13c6985171a,0.1,,0x,0
534,0x2c376423cab7ac781d712f3257a5e234568df8b1fc7b8969f8279832965e034b,3812191,1496465197,0x54835666dd39f88fea1727e09558077637322e2d,0x9a2e9235f7a7ac7b899e5f3208fbb13c6985171a,0.1,,0x,0
535,0xed2605102a235cd5755b58a75c9f4bbe944ed7c869b6f31a4c7b542e256f215e,3812212,1496465523,0x0c00d974e669f12a0f5e19a2920b4dcebd8af293,0x9a2e9235f7a7ac7b899e5f3208fbb13c6985171a,0.15,,0x,0
536,0xef84cd9fbba4fa542172e95ff0586e0239dbbba3e09a25072ff96b95553e78d4,3812245,1496466204,0x584c5a72f2ac4d8dc02ef2d3a4ba98ab6da80b49,0x9a2e9235f7a7ac7b899e5f3208fbb13c6985171a,0.1,,0x,0
537,0x5b95e2db81d285279062c8322a47a503d4a1dceb412bf49a469d74cc82d5c671,3812649,1496472840,0xefa61f6a22c3f6235802a2dc39ff6c27516ff4fa,0x9a2e9235f7a7ac7b899e5f3208fbb13c6985171a,0.1,,0x,0
538,0x84c6c1119559a72fa95ff0c15daa4772b542c03564bc948ffee18f7f33098992,3813036,1496479294,0xbc7cbebf6260af55d3b9f51fdedd461166bcd83d,0x9a2e9235f7a7ac7b899e5f3208fbb13c6985171a,0.3,,0x,0
539,0xd9521ed122705c3fbfe8162d7c86715db6710a46bbbe8b708a065aa2972ee303,3813406,1496485703,0x4ed7f5f82b8c2448d74efd71de45d1d7122ea4bb,0x9a2e9235f7a7ac7b899e5f3208fbb13c6985171a,0.498033704,,0x,0
540,0x26352d01b47217f597eb8cde24a540e29afd2da57a30fd3e677f4ecc5cfd7c3d,3813486,1496486861,0x4ed7f5f82b8c2448d74efd71de45d1d7122ea4bb,0x9a2e9235f7a7ac7b899e5f3208fbb13c6985171a,0.510249894,,0x,0
541,0xd281ae79e4de202efae1f33b3c8ed658cd88c8561327d5e7727981b31be3c6c0,3813733,1496491372,0x1e36f295dfe346d3194859aa19321c4d634b2fdc,0x9a2e9235f7a7ac7b899e5f3208fbb13c6985171a,0.28,,0x,0
542,0x45ea09529b4c8b0d90b9114f9305b433eed9402c5bb42495f11b2e53596b017d,3814816,1496509169,0x235f7f6850b1ad7ded203679ab50693eedd13347,0x9a2e9235f7a7ac7b899e5f3208fbb13c6985171a,0.121,,0x,0
543,0x3d878832736a557340e941775700e8b80dc1feb209891525c50ddd8c7ed910b5,3814907,1496510709,0xdde0185bfed19e8842cd8373e26a7a71990696f6,0x9a2e9235f7a7ac7b899e5f3208fbb13c6985171a,0.1,,0x,0
544,0xed84a690fc9cf3767a62865096e383f989686d53df407a64aa28e0142087a19c,3815038,1496513157,0xb456f392da98c700eabadb5aec8d41d9f8965798,0x9a2e9235f7a7ac7b899e5f3208fbb13c6985171a,0.15,,0x,0
545,0x5ad8704411d2b94081ae4f16fe62512f3d292d07f9cc92a0b932e2d60a62061b,3815131,1496514533,0x81dae5c692122cbfb2d98fef359ca259e31c0f8d,0x9a2e9235f7a7ac7b899e5f3208fbb13c6985171a,0.3,,0x,0
546,0x430be10a7c3aefbc51aca6fa34ee8b5fefc08ae742500d235e1431ae70288b35,3815189,1496515399,0x89523cdc360f909fbb2b31eb73935454b8ae176b,0x9a2e9235f7a7ac7b899e5f3208fbb13c6985171a,0.2,,0x,1
547,0x32763814a03bb488d677e9dea50653e6bd42dcbf90f73e18713b0ce8a5e49830,3815201,1496515591,0x89523cdc360f909fbb2b31eb73935454b8ae176b,0x9a2e9235f7a7ac7b899e5f3208fbb13c6985171a,0.2,,0x,0
548,0xc72c425f39c2a28c6f7217c72b416e09d73800b8398c91994a0021eb70a0d16d,3815391,1496518733,0xbd7e37ee47dae4c20c6ff892fad6b3b7e4c106d8,0x9a2e9235f7a7ac7b899e5f3208fbb13c6985171a,0.1,,0x,0
549,0xbbb44b855dcef41807db6179d59939811ca3c1f511f1801d2a809e3209c970b6,3815418,1496519085,0xe71979c345bf7c0a4e3fe350cf0fd186470d4ddc,0x9a2e9235f7a7ac7b899e5f3208fbb13c6985171a,1.0,,0x,0
550,0x5083df45724b2b47f608747eaba7d5f7804377f7028c69fb966b5c5676252b38,3815481,1496520099,0x9d1972dcf610e88d0a45c315c86c61c1634d00b6,0x9a2e9235f7a7ac7b899e5f3208fbb13c6985171a,0.19601,,0x,0
551,0xc7f9fcb98bdd3186d7b6645c4a2bffcb7cf69c485e5bb293b84d14ba1fdb7c55,3815520,1496520538,0xbd7e37ee47dae4c20c6ff892fad6b3b7e4c106d8,0x9a2e9235f7a7ac7b899e5f3208fbb13c6985171a,0.2,,0x,0
552,0x49f80c3c0a81e31c15253363961a800df5fd6951f0f56621e0967183cfca2ddc,3815522,1496520609,0x15c77d42756f61252dabdc67620ffcdbad84cd7e,0x9a2e9235f7a7ac7b899e5f3208fbb13c6985171a,0.3,,0x,0
553,0x37876092daf16635dc31482985c202dbf5d896c6a7ff5998cbdcbdaf67abf781,3815523,1496520617,0x94910b06ce22fcdc4ebefce45bb923186509cc64,0x9a2e9235f7a7ac7b899e5f3208fbb13c6985171a,1.0,,0x,0
554,0x8ffdc74a33ea9cf6d40b872e42487f03f631a24f12326b0e58dcaf960efa8075,3815524,1496520669,0xbd7e37ee47dae4c20c6ff892fad6b3b7e4c106d8,0x9a2e9235f7a7ac7b899e5f3208fbb13c6985171a,0.4,,0x,0
555,0x28ce73919979f40801e9f670b72787b87596a4a18d654397c91d3a5df741b88a,3815526,1496520694,0x15c77d42756f61252dabdc67620ffcdbad84cd7e,0x9a2e9235f7a7ac7b899e5f3208fbb13c6985171a,0.1,,0x,0
556,0x2ea808561a654fa092feb16e024d525de129225832c52ce6457dcca709176dac,3815527,1496520705,0x61ff517d087c402f1d7468af223b3818046c50ae,0x9a2e9235f7a7ac7b899e5f3208fbb13c6985171a,0.5,,0x,0
557,0x4568143ab72d15244e46a46885c1268306218b5c1ebd42d366b1cb6d6e3708b6,3815528,1496520741,0x8487738a1cb65e9dedb9e1d86d4457690bcfe28d,0x9a2e9235f7a7ac7b899e5f3208fbb13c6985171a,0.2,,0x,0
558,0xc5bfe2610f029380e0055174497c4d18ec9ee5642ec9d798cf86e2d892f27ba5,3815529,1496520775,0x2b6ca175dc70bf179ae9e488364fdad620fd271e,0x9a2e9235f7a7ac7b899e5f3208fbb13c6985171a,1.0,,0x,1
559,0x4b41756be41377640add139e26ffcc9b4121009c7c1ed19b1680c38fc9a63aad,3815530,1496520798,0x4dda0d458aaaf2cc8e129e733eb08fca7cc07499,0x9a2e9235f7a7ac7b899e5f3208fbb13c6985171a,0.01,,0x,0
560,0x92cb670589d1af3a76473f3c2020f00857bff8ac2289b38f46957819606fa9ff,3815824,1496526104,0x0c00d974e669f12a0f5e19a2920b4dcebd8af293,0x9a2e9235f7a7ac7b899e5f3208fbb13c6985171a,0.1,,0x,0
561,0xf4e76833dd7149cb926a94a03dd9b17c172e92458ed71ca3ed1f4d49dcfa040e,3816003,1496528816,0x54835666dd39f88fea1727e09558077637322e2d,0x9a2e9235f7a7ac7b899e5f3208fbb13c6985171a,0.1,,0x,0
562,0xdfecb0d4e09c7178fe9540ee71c20418a00ca136d2d2740dcb682f0d360dd341,3816318,1496534131,0x4ed7f5f82b8c2448d74efd71de45d1d7122ea4bb,0x9a2e9235f7a7ac7b899e5f3208fbb13c6985171a,1.3432067165244248,,0x,0
563,0x6d925be7b4bbd01e6461e1f811c42e3e893728f70a9e6537a0edd1a9e9b2079c,3816473,1496536639,0x8d5c46ecfd3df3894f7c3b3bebfcbb66b58a9eb6,0x9a2e9235f7a7ac7b899e5f3208fbb13c6985171a,0.1,,0x,0
564,0xe7349c5a0b8dc9bc72c2a97ca39d66e6c5dfffb1add4d3537636a95b3c19f1d2,3816528,1496537740,0x584c5a72f2ac4d8dc02ef2d3a4ba98ab6da80b49,0x9a2e9235f7a7ac7b899e5f3208fbb13c6985171a,0.1347,,0x,0
565,0x8a83ed5a0c076c2054ed8bdf6168ae1ba398a9118f71ef690741fd50a51cf8b7,3817774,1496558399,0xefa61f6a22c3f6235802a2dc39ff6c27516ff4fa,0x9a2e9235f7a7ac7b899e5f3208fbb13c6985171a,0.2,,0x,0
566,0x5de2b20245bed7c45d01c733597383a9a4cc121113a6731c09d03c84a288e111,3817791,1496558760,0xeb96cbe87e1d809393c515aaae2789de2bb76641,0x9a2e9235f7a7ac7b899e5f3208fbb13c6985171a,0.204,,0x,0
567,0xc5d62a18a76ef0824cccced8b2a0f2e226414a083ef2f1b4dfaefc84d0b833c5,3819358,1496584102,0xb4c82ff1a2b63cd1585c7b849604ad40a6d3ab35,0x9a2e9235f7a7ac7b899e5f3208fbb13c6985171a,0.1,,0x,0
568,0xf25a3fd29e0b2b98b2d3233710714c0bfe29fa6908f77391ed6d8838678aa9b8,3819464,1496586195,0x2f02682957873735283e7d8a5807c801081b3f72,0x9a2e9235f7a7ac7b899e5f3208fbb13c6985171a,0.1015,,0x,0
569,0x949946bf8730770b8d329dc241a6d9eca3eb79a36ca7040ef57fe0ac7bbcd5d1,3819949,1496594265,0x76973569b786c63cb98e0814a993d053b90ecf79,0x9a2e9235f7a7ac7b899e5f3208fbb13c6985171a,0.1,,0x,0
570,0xb463422f21c1d9a4f81259a235261802c2d8a625d13666a1d1d3d64f285583d5,3820004,1496595162,0x235f7f6850b1ad7ded203679ab50693eedd13347,0x9a2e9235f7a7ac7b899e5f3208fbb13c6985171a,0.2,,0x,0
571,0x9c8a93f1ac840e0b6e9efe7cc4b2d6e7643c6d04c4e741055a817603c863ec9e,3820072,1496596622,0x76973569b786c63cb98e0814a993d053b90ecf79,0x9a2e9235f7a7ac7b899e5f3208fbb13c6985171a,0.2,,0x,0
572,0x0b08c5b1383617c6111b37cc1ebc27c1a493f255abc6163baf4eea2d3d32a504,3820100,1496597096,0x9d1972dcf610e88d0a45c315c86c61c1634d00b6,0x9a2e9235f7a7ac7b899e5f3208fbb13c6985171a,0.19601074486910142,,0x,0
573,0x1ad178581886e2216c6efdd9ddb00b745e2435425a93b708301c9bbc86e7e007,3820195,1496598489,0x1e36f295dfe346d3194859aa19321c4d634b2fdc,0x9a2e9235f7a7ac7b899e5f3208fbb13c6985171a,0.28,,0x,0
574,0xe4546f1dea2a625e66c300b29848913ca3c374bf3b7a23e6f5f5ea97cecfe296,3820276,1496599716,0xf36f7d06402877cae7f0b8a3d7ca7001a52c720b,0x9a2e9235f7a7ac7b899e5f3208fbb13c6985171a,0.2,,0x,0
575,0x1bcacce00b75bf7221e2dc946037267f515c15693b2d764efb73cfa5ceda8694,3820321,1496600282,0x95ea04999cce305ffc0b11ae1348fce0e1584ad0,0x9a2e9235f7a7ac7b899e5f3208fbb13c6985171a,0.1,,0x,0
576,0x9e0977f5b974c10897bda6fcaf5e229f01ad1f80dfed5c57f07bcfd69887bbd8,3820533,1496603898,0x655f852c10e0a3c096d6bb58de0d7ec529049a7c,0x9a2e9235f7a7ac7b899e5f3208fbb13c6985171a,0.1,,0x,0
577,0x9aa4a504540efb3efcfb79b46a66983c42d518e654339dd5940793aad7dbdb26,3820607,1496605025,0x6df8a9b56594860392a7d652640c5180cbdd92d3,0x9a2e9235f7a7ac7b899e5f3208fbb13c6985171a,0.3,,0x,0
578,0xc7365ec6934897a447629b1b1c2a76fa8083432bc93031d251c8e525b4c9dc99,3820609,1496605068,0xfe1b80ecc5704b9f7c059af0d3d52f4a25bd4b40,0x9a2e9235f7a7ac7b899e5f3208fbb13c6985171a,0.5,,0x,0
579,0x30a74a8d6628692a9b0a9760cffd3bd2c48caada5c73a62d043238a8cd377ae3,3820629,1496605499,0xd00479c075a685816c6b4b5ec0326c3996a4e7fc,0x9a2e9235f7a7ac7b899e5f3208fbb13c6985171a,0.2,,0x,0
580,0x0b7e595c518fd1fdf3914e057f1734233c173aa2ce0fc53d66028ecae162a0e6,3820667,1496606150,0x8e8c4ac720d98e47a3494147f334e51b813c174a,0x9a2e9235f7a7ac7b899e5f3208fbb13c6985171a,0.2,,0x,0
581,0x7b170279b8d809e500236e67a9c88a986aaed3dc39473525da6f2ec41ea7eb71,3820673,1496606256,0xd9541266b618097ba750813ebba01544d055b84f,0x9a2e9235f7a7ac7b899e5f3208fbb13c6985171a,0.14544,,0x,0
582,0x08292fb03c5e0d0445bf720501019831e368443f0fe07e3c71df22d5a448aaaa,3820700,1496606774,0xb54d7349e63c0263946bbaacddf8217c7f146af5,0x9a2e9235f7a7ac7b899e5f3208fbb13c6985171a,0.42,,0x,0
583,0x2182083873deaaa8b6ec5bf802d270e4ebc8ccfc1ddc684b681c56a95f11ffb9,3820717,1496607043,0xe17d228b2ccfb1d8cadfd86622b672de33796b98,0x9a2e9235f7a7ac7b899e5f3208fbb13c6985171a,0.1,,0x,0
584,0x2b03e00a39d9c91b84021a0b8f633099fbbf66977b0bde50b0643f44a46e1219,3820719,1496607061,0xf36f7d06402877cae7f0b8a3d7ca7001a52c720b,0x9a2e9235f7a7ac7b899e5f3208fbb13c6985171a,1.7964,,0x,0
585,0xd28897de4fab3e5861c7b72d49b8d890f1520767dae25b5561e4744ff012c8fa,3820720,1496607103,0xd4b1ca8d9d61dd14ff5f4eb742e2638ce7c76e6a,0x9a2e9235f7a7ac7b899e5f3208fbb13c6985171a,2.0,,0x,0
586,0x72b1fec5b7a4def95ae3af5228d495f1b29dbda8e89bad02a65a74d0530d9f4e,3820723,1496607159,0x61ff517d087c402f1d7468af223b3818046c50ae,0x9a2e9235f7a7ac7b899e5f3208fbb13c6985171a,2.5,,0x,1
587,0xbfa47ab88e08ce7c752732e3820e288cc19cf2ba4d0a39a64b5a3052c2632ffe,3820728,1496607238,0x4dda0d458aaaf2cc8e129e733eb08fca7cc07499,0x9a2e9235f7a7ac7b899e5f3208fbb13c6985171a,0.01,,0x,0
588,0xeedbdb83fd2452e1c8a6fc045951d7516e5b4788fb9fe88f94208e022ddb7f83,3820738,1496607476,0x4ed7f5f82b8c2448d74efd71de45d1d7122ea4bb,0x9a2e9235f7a7ac7b899e5f3208fbb13c6985171a,0.655458212716306,,0x,0
589,0xa3c8b2f6f6771aee156af59c3b0082e24d64b067bff6af34cf8e92a0b45f77fc,3820878,1496609589,0xd4b1ca8d9d61dd14ff5f4eb742e2638ce7c76e6a,0x9a2e9235f7a7ac7b899e5f3208fbb13c6985171a,0.2,,0x,0
590,0x3b61fa5f0ea1cff4407849378f535b55dd55fd376d472aec1c2a9f0f9703dc30,3821055,1496612906,0x584c5a72f2ac4d8dc02ef2d3a4ba98ab6da80b49,0x9a2e9235f7a7ac7b899e5f3208fbb13c6985171a,0.13,,0x,0
591,0x0466771c5585c7ae006b3aac714c103d6c5938657ef49e4740d979bc21f5fece,3821095,1496613511,0xeb96cbe87e1d809393c515aaae2789de2bb76641,0x9a2e9235f7a7ac7b899e5f3208fbb13c6985171a,0.288,,0x,0
592,0x2c19025d13b2e517fefc532b79d00f2ef7a9d453b50becdd1df7b51718bda6bb,3821186,1496615046,0x8d5c46ecfd3df3894f7c3b3bebfcbb66b58a9eb6,0x9a2e9235f7a7ac7b899e5f3208fbb13c6985171a,0.1,,0x,0
593,0xdc7e2431b000e48cb41e1edf77a062389ee2815925f07fed83c6bab26233108b,3821348,1496618044,0xefa61f6a22c3f6235802a2dc39ff6c27516ff4fa,0x9a2e9235f7a7ac7b899e5f3208fbb13c6985171a,0.1,,0x,0
594,0x8a0f3c2fde7c211822d14eae84012e8baaca8f7d37642b348ec8b02fa0a03142,3821848,1496626660,0x8fbd3301b041b7c993870531580470fe405366bc,0x9a2e9235f7a7ac7b899e5f3208fbb13c6985171a,0.0202548875043548,,0x,1
595,0x03469dda57bcfdf766170af844983bb170665985660d63e23852cee7504eded3,3822105,1496630818,0x15540ebd9901326c325ad3b803cf34cca876b445,0x9a2e9235f7a7ac7b899e5f3208fbb13c6985171a,0.9,,0x,0
596,0x69aafeb7d729ab9b3195b0e8be30b221e6278706f2b651e96f22899eb0673ace,3822909,1496643980,0xc00a3c9aef2054cebf736a4452cd5c72cf26cad2,0x9a2e9235f7a7ac7b899e5f3208fbb13c6985171a,0.1,,0x,0
597,0xf218063b5458f3a82ffe52ca7bd3ff441b900310756447ac5d5cfedd69ef3a19,3823015,1496645838,0xe7681bd2e4c631c7001428b0e91994f6a8c1e8ec,0x9a2e9235f7a7ac7b899e5f3208fbb13c6985171a,0.109136,,0x,0
598,0x77f4ea8083d62a9627e7f47dc049813a21077bfd0074b9677e14d52c2c8634f9,3823642,1496656562,0x533abc33d7d2575704b746f481c81049f60a464e,0x9a2e9235f7a7ac7b899e5f3208fbb13c6985171a,0.1,,0x,0
599,0x32b8d26f6c57bb84a9004701f1d62031a8121c1880cf0b45bb94c5b07df70e5f,3824873,1496676767,0xc6d253d4a6900222b619ba34aa4f7467ead7c0ed,0x9a2e9235f7a7ac7b899e5f3208fbb13c6985171a,0.1,,0x,0
600,0x141e73cd229503fc6fc80640c63e06d7eb9914478cef5a962fb76f9a553f9327,3824960,1496678232,0xb54d7349e63c0263946bbaacddf8217c7f146af5,0x9a2e9235f7a7ac7b899e5f3208fbb13c6985171a,0.22213594060755545,,0x,0
601,0xb37b04c431007da2d0dadb9932b9fe64847ab489528381afbd635b4a2da23d5c,3825230,1496682497,0x0c00d974e669f12a0f5e19a2920b4dcebd8af293,0x9a2e9235f7a7ac7b899e5f3208fbb13c6985171a,0.15,,0x,0
602,0x554f4086046ac10988c0371dc479e6c2d37c3f64d142d29f668fffb5d8b089d9,3825375,1496685043,0x3dc8d137262aeb630bd03ae7731be4f3f4392b6d,0x9a2e9235f7a7ac7b899e5f3208fbb13c6985171a,0.49,,0x,0
603,0xc5b1804fad0a307ba7879c633047a39a107d5305c8778649f4ac6276ab4a9266,3825461,1496686338,0x15540ebd9901326c325ad3b803cf34cca876b445,0x9a2e9235f7a7ac7b899e5f3208fbb13c6985171a,0.05,,0x,1
604,0xcec7412a35262d7a164099938c668a9f5bca639380021ee740997f2a538f7440,3825466,1496686402,0x15540ebd9901326c325ad3b803cf34cca876b445,0x9a2e9235f7a7ac7b899e5f3208fbb13c6985171a,0.1,,0x,0
605,0xfc0c023bf5b038be72171b6770681217ca5f41959831a9ca49ef02f72971cf52,3825492,1496686868,0x95ea04999cce305ffc0b11ae1348fce0e1584ad0,0x9a2e9235f7a7ac7b899e5f3208fbb13c6985171a,0.1,,0x,0
606,0x1cb1c87896be9147e36a1bbc61495ab5daac2b77c359ff93c628d3079320ba53,3825839,1496692119,0x89523cdc360f909fbb2b31eb73935454b8ae176b,0x9a2e9235f7a7ac7b899e5f3208fbb13c6985171a,0.1,,0x,0
607,0x4a4cfe0671444f771c36a56fd35ffccbe4fb752cbec2ad56c27b2e656b667e48,3825899,1496692992,0xd66e6580605a90020b63c0f922311f5bdc36725c,0x9a2e9235f7a7ac7b899e5f3208fbb13c6985171a,0.2,,0x,0
608,0x079342dd6956d8f74529ce3286736b9edfb612be215703a44c9806625366709c,3825903,1496693075,0x9d1972dcf610e88d0a45c315c86c61c1634d00b6,0x9a2e9235f7a7ac7b899e5f3208fbb13c6985171a,0.19,,0x,0
609,0x24a7122756a47c181f3a1ae139cc7e08b181d4744893f29c1d15da05f9e86b77,3825917,1496693250,0x95ea04999cce305ffc0b11ae1348fce0e1584ad0,0x9a2e9235f7a7ac7b899e5f3208fbb13c6985171a,0.15,,0x,0
610,0x08a52f148ed83f13ffc50aa357fb054ba81985bc2277e1e0897c2cc672121efb,3825926,1496693370,0x15540ebd9901326c325ad3b803cf34cca876b445,0x9a2e9235f7a7ac7b899e5f3208fbb13c6985171a,0.1,,0x,0
611,0x063d15dbfcdd754e9c430cb067b6d5afa06d409c4b33d4b988d19107bfbc88ba,3825931,1496693449,0x15c77d42756f61252dabdc67620ffcdbad84cd7e,0x9a2e9235f7a7ac7b899e5f3208fbb13c6985171a,0.2,,0x,0
612,0x5ab854dcc6b6a059b4d71f020cd11afce1d2a0864b6dde423ccde691860c56fa,3825931,1496693449,0x6f628672e0a2a8a9e147877ee4b7e8dbd53ad9c0,0x9a2e9235f7a7ac7b899e5f3208fbb13c6985171a,0.1,,0x,0
613,0xf21252958b383fa6b1cc1c0f1dcc0e2d83f154e8312c12231739d9a8fc3b6412,3825934,1496693471,0x94910b06ce22fcdc4ebefce45bb923186509cc64,0x9a2e9235f7a7ac7b899e5f3208fbb13c6985171a,1.0,,0x,0
614,0xff324893c00e0eea570dba849ee123ed3901811a422c1f3e1a08ab4b0d996710,3825937,1496693502,0xe17d228b2ccfb1d8cadfd86622b672de33796b98,0x9a2e9235f7a7ac7b899e5f3208fbb13c6985171a,0.2,,0x,0
615,0xc8c7ce027ca9ed160f3246f0beadd5fa320e99e8cbe7a312e162ff9252915533,3825938,1496693510,0x15c77d42756f61252dabdc67620ffcdbad84cd7e,0x9a2e9235f7a7ac7b899e5f3208fbb13c6985171a,0.25,,0x,0
616,0xef0c7eb657365eadc597e573a63d5cf02967a9c87eb7a25f9c6e5dfea6064e08,3825942,1496693553,0xbda76bced2d413117bcf47902ba62bf175680df9,0x9a2e9235f7a7ac7b899e5f3208fbb13c6985171a,0.3,,0x,1
617,0xccb3098ccd1c8ad5efa528327a2b29d1ba9e87725100fcc6685f297d3e309605,3825942,1496693553,0x8d19a970c38a50f5724a078015c60bf9c7b4851d,0x9a2e9235f7a7ac7b899e5f3208fbb13c6985171a,0.1,,0x,1
618,0xe0a85fc700f79599840939e7aa2f7b9e6e13bd0f3626ee63d64eed946a5416a2,3825957,1496693781,0x4dda0d458aaaf2cc8e129e733eb08fca7cc07499,0x9a2e9235f7a7ac7b899e5f3208fbb13c6985171a,0.01,,0x,0
619,0x5e7b88e22852966b29ac999af04d083226c4e9968b55153ab00fee44856004a0,3825959,1496693794,0x4dda0d458aaaf2cc8e129e733eb08fca7cc07499,0x9a2e9235f7a7ac7b899e5f3208fbb13c6985171a,0.01,,0x,0
620,0x498d3cc3e1fbaf3b9500861a9d050f8fb6bff807d4445124af4ec67d5fadd1cc,3825959,1496693794,0x4dda0d458aaaf2cc8e129e733eb08fca7cc07499,0x9a2e9235f7a7ac7b899e5f3208fbb13c6985171a,0.01,,0x,1
621,0x62bb55c9ea7d537a686a47bb0786de919d6265df7777b405ed5a4a0ef731cbd6,3826154,1496697105,0xe7681bd2e4c631c7001428b0e91994f6a8c1e8ec,0x9a2e9235f7a7ac7b899e5f3208fbb13c6985171a,0.15261809550283972,,0x,0
622,0xaf57152f06f49809977fe5d1f557c646b6550230011d1b1c298e35fa427866e8,3826188,1496697823,0xd4b1ca8d9d61dd14ff5f4eb742e2638ce7c76e6a,0x9a2e9235f7a7ac7b899e5f3208fbb13c6985171a,0.1,,0x,0
623,0xfc56f048e26f5ccb8107f623eb6851ac4bcbe03dd6b6f5c1345336bf7216a803,3826371,1496700605,0xbf2604445477981777001d10bb014e6dd3f5a87c,0x9a2e9235f7a7ac7b899e5f3208fbb13c6985171a,0.019675505115981012,,0x,0
624,0xd6ef5c28faed1bb791537c93adfcf21da210f6d98a05ea4fe7f4a3349e2520de,3826419,1496701416,0x1457faa7158b531408502a03db3134e8d52f01d4,0x9a2e9235f7a7ac7b899e5f3208fbb13c6985171a,0.1,,0x,0
625,0x94ce7c7083dd8fc71548f8c73bf690640eb0846d5136040457c262d5621c3447,3826748,1496707093,0x584c5a72f2ac4d8dc02ef2d3a4ba98ab6da80b49,0x9a2e9235f7a7ac7b899e5f3208fbb13c6985171a,0.116,,0x,0
626,0x107bcdc4b478372ddf79de3ecf7767975b0e036ae5296d9a1c20f9f1bb441ca6,3826902,1496709454,0x8d5c46ecfd3df3894f7c3b3bebfcbb66b58a9eb6,0x9a2e9235f7a7ac7b899e5f3208fbb13c6985171a,0.1,,0x,0
627,0xdce795f71e9896ab041ccb70f8bd028846e15cc7d24a268753b1114b04bff900,3827193,1496714609,0xefa61f6a22c3f6235802a2dc39ff6c27516ff4fa,0x9a2e9235f7a7ac7b899e5f3208fbb13c6985171a,0.1,,0x,0
628,0x9501167334d7f19e237e9206660b4db73651664bd8aafbbd37851cde7e154c59,3827341,1496717518,0xbc7cbebf6260af55d3b9f51fdedd461166bcd83d,0x9a2e9235f7a7ac7b899e5f3208fbb13c6985171a,0.3,,0x,0
629,0x0569755b56c3dff7aa28912772c1ed09c925dd10a8bc33daf9b20857680a00f8,3828788,1496741388,0x4ed7f5f82b8c2448d74efd71de45d1d7122ea4bb,0x9a2e9235f7a7ac7b899e5f3208fbb13c6985171a,0.6,,0x,0
630,0x4e475ecb462bc214fdba565522edd335214cc1b96338b1b53d247274170e7b5d,3828839,1496742125,0x33d1b7c8c55d2370dd2a4f4b24f6d0e7b37f2fe4,0x9a2e9235f7a7ac7b899e5f3208fbb13c6985171a,0.1,,0x,0
631,0xb7430f8602908570714ee10cb5bdfa129793799babb3b338bbeb75f83eb209bf,3829861,1496758927,0x28a8aa42f6ee35b90f667f3f47470fb1da69acb3,0x9a2e9235f7a7ac7b899e5f3208fbb13c6985171a,0.14601,,0x,0
632,0xfafefd7c388e6fb8e08040b7ce7c116f18d613814e07265157d71e93f6581caa,3829983,1496761272,0x90217b90080118a59c3258ac67db64a91356e46e,0x9a2e9235f7a7ac7b899e5f3208fbb13c6985171a,0.1,,0x,0
633,0x1722526cfdc4bd95e65e21fdf31ac6e122e192ea8032fc87ab565f1a27affe1e,3830019,1496761849,0x9d644189d15d9a2a5753c62d79c2d6328d69c9dc,0x9a2e9235f7a7ac7b899e5f3208fbb13c6985171a,0.1,,0x,0
634,0x763186dc9185e6d55f291041a331c9c873d9c80935888e46c41d9ea8a645d535,3830657,1496772554,0xc00a3c9aef2054cebf736a4452cd5c72cf26cad2,0x9a2e9235f7a7ac7b899e5f3208fbb13c6985171a,0.12,,0x,0
635,0xa7c0d50e822a66096c9578c410b0430e304b32259be0443785955971ed08aa82,3830911,1496776586,0xeb96cbe87e1d809393c515aaae2789de2bb76641,0x9a2e9235f7a7ac7b899e5f3208fbb13c6985171a,0.102,,0x,0
636,0xa189022041f8504ade60b767f4eb0bd93acbfc242ae92ef2119d096dbe776c3e,3830947,1496777039,0x81dae5c692122cbfb2d98fef359ca259e31c0f8d,0x9a2e9235f7a7ac7b899e5f3208fbb13c6985171a,0.4,,0x,0
637,0x5f7ed4c947c72e41574ddb608ae68b2f063a1332043e877c1fb56b35d9ccdd59,3831055,1496779026,0x94910b06ce22fcdc4ebefce45bb923186509cc64,0x9a2e9235f7a7ac7b899e5f3208fbb13c6985171a,0.5,,0x,0
638,0x13cc6bfa4f1322be3581965ee4826517e6029df3909fb1c42489df92c38e610e,3831078,1496779383,0xbd7e37ee47dae4c20c6ff892fad6b3b7e4c106d8,0x9a2e9235f7a7ac7b899e5f3208fbb13c6985171a,0.1,,0x,0
639,0x8997059cf0131f27ec001e4aba63534e9ed3b7944935bb1ea95f126402b8dd8c,3831091,1496779590,0x73a272d3fdf07b8a3badf36d95289f3ec90f8dcd,0x9a2e9235f7a7ac7b899e5f3208fbb13c6985171a,0.24,,0x,0
640,0x480ad61e7a35451b0954b93439c2ae3b99e2e80bb91d0231485a59551d071729,3831092,1496779626,0xd66e6580605a90020b63c0f922311f5bdc36725c,0x9a2e9235f7a7ac7b899e5f3208fbb13c6985171a,0.1,,0x,0
641,0xfdd59714ac57d8a459bf81ba36973cd64b03760fe2b77d9191ed1b851ccb3e62,3831109,1496779849,0x94910b06ce22fcdc4ebefce45bb923186509cc64,0x9a2e9235f7a7ac7b899e5f3208fbb13c6985171a,0.3,,0x,0
642,0x7d04d676c87db4c6fd1f25630464a5784d915e499dd40fe755337779ff36c2b7,3831110,1496779887,0xd66e6580605a90020b63c0f922311f5bdc36725c,0x9a2e9235f7a7ac7b899e5f3208fbb13c6985171a,0.1,,0x,0
643,0x28cc6fdbecb15dc823b756a6a16ef40160a57687d674c2c512d18c03479919fc,3831110,1496779887,0xbd7e37ee47dae4c20c6ff892fad6b3b7e4c106d8,0x9a2e9235f7a7ac7b899e5f3208fbb13c6985171a,0.1,,0x,0
644,0x9052114639ec55003c6198402f71f2541b23300a9c909a66be66061e512fe0ef,3831112,1496779936,0xe17d228b2ccfb1d8cadfd86622b672de33796b98,0x9a2e9235f7a7ac7b899e5f3208fbb13c6985171a,0.1,,0x,0
645,0xf86638598a0ca05854d397dd5272c5c2bf2e7507ba98f06e6e34aa11bd02b252,3831112,1496779936,0xd4b1ca8d9d61dd14ff5f4eb742e2638ce7c76e6a,0x9a2e9235f7a7ac7b899e5f3208fbb13c6985171a,3.0,,0x,0
646,0xd66b278ddb9ad9f3e8b75aefff4010968d14c92a3a61346609f08cc813f0a416,3831112,1496779936,0xb54d7349e63c0263946bbaacddf8217c7f146af5,0x9a2e9235f7a7ac7b899e5f3208fbb13c6985171a,0.75,,0x,0
647,0x65fcbff94a36b638702268f0f8401cec128a64c475670812e522175121a43244,3831112,1496779936,0x9d1972dcf610e88d0a45c315c86c61c1634d00b6,0x9a2e9235f7a7ac7b899e5f3208fbb13c6985171a,0.1,,0x,0
648,0x1b82ae9bf55f338cfec64110abbf5a3813315b1a934752db0bc4e1cf30932571,3831114,1496779958,0x6f628672e0a2a8a9e147877ee4b7e8dbd53ad9c0,0x9a2e9235f7a7ac7b899e5f3208fbb13c6985171a,0.1,,0x,1
649,0x3317a6112e5637df323a538cb3bfc4ea6ecbe9bc0799fa7b4af11f36e9aedf4f,3831114,1496779958,0x8d19a970c38a50f5724a078015c60bf9c7b4851d,0x9a2e9235f7a7ac7b899e5f3208fbb13c6985171a,0.1,,0x,1
650,0x6f41c455295b33e13b2cf81412f60b8572f2e1c912ebe337bb02d4e8623d02bd,3831114,1496779958,0x8d19a970c38a50f5724a078015c60bf9c7b4851d,0x9a2e9235f7a7ac7b899e5f3208fbb13c6985171a,0.1,,0x,1
651,0x9aca3f619da708393a3017a414dda821aee6e76cdb8ad7b3479cc9315683e519,3831118,1496779998,0x4dda0d458aaaf2cc8e129e733eb08fca7cc07499,0x9a2e9235f7a7ac7b899e5f3208fbb13c6985171a,0.01,,0x,0
652,0x3811f0f3827bee4bb747967cee1780335c3527631eea41287cb82cd044caca27,3831198,1496781107,0xb54d7349e63c0263946bbaacddf8217c7f146af5,0x9a2e9235f7a7ac7b899e5f3208fbb13c6985171a,0.1,,0x,1
653,0xe9317fea74cdb659ee6b0904539b703097416d3adb20a54c73ff3602f9065e9c,3831239,1496781753,0x4ed7f5f82b8c2448d74efd71de45d1d7122ea4bb,0x9a2e9235f7a7ac7b899e5f3208fbb13c6985171a,0.2894699353796602,,0x,0
654,0x6f07bb87adffe0b13b3f6e8423ed89afc1c69f13d9ff4fba9a652cfaa194cdf2,3831347,1496783547,0x1457faa7158b531408502a03db3134e8d52f01d4,0x9a2e9235f7a7ac7b899e5f3208fbb13c6985171a,0.1,,0x,0
655,0x0c658e1fdae1d1e58ad0b2ab14bfb8f46ad48982bfd16f5aca0d68d3eec1803c,3831526,1496786777,0xe7681bd2e4c631c7001428b0e91994f6a8c1e8ec,0x9a2e9235f7a7ac7b899e5f3208fbb13c6985171a,0.07239252989148598,,0x,0
656,0xaa6850f59d984c46e3791199c919e7df19c83ae62e97da605f6466d18a1158c5,3831942,1496793186,0xefa61f6a22c3f6235802a2dc39ff6c27516ff4fa,0x9a2e9235f7a7ac7b899e5f3208fbb13c6985171a,0.1,,0x,0
657,0x53120cce38b862102b72ff0aa38b2c8eec68c3b2a82c6e2ad7ff3984aa9a6cb3,3832180,1496797519,0x8d5c46ecfd3df3894f7c3b3bebfcbb66b58a9eb6,0x9a2e9235f7a7ac7b899e5f3208fbb13c6985171a,0.1,,0x,0
658,0x44e1b6db00d864173dfa41cdeafdc36f414287cd5d35e81d9c8c6da6600f2258,3832966,1496811047,0xd4b1ca8d9d61dd14ff5f4eb742e2638ce7c76e6a,0x9a2e9235f7a7ac7b899e5f3208fbb13c6985171a,0.2,,0x,0
659,0x00182c6396ff8c9ca05447c1daebd6d2620e92c29ed4beecdbdc072e7e9879e6,3833403,1496818026,0x493fe70cc291abe80f0a1e303d7fb5743f1eec1d,0x9a2e9235f7a7ac7b899e5f3208fbb13c6985171a,0.14,,0x,0
660,0x6e7e4af2a0feaa325bcd91fb8e1c12ad3e3b01ef50ce13b4fa33610242d8065f,3834922,1496842346,0xb54d7349e63c0263946bbaacddf8217c7f146af5,0x9a2e9235f7a7ac7b899e5f3208fbb13c6985171a,0.2,,0x,0
661,0x76cdb7c6665fff072d4b1e5a3b74772e4da13ecb7884eec1bcf6e128d3d893d6,3835070,1496844962,0x23b95e77b6081604c105eb61fe2f918190daab85,0x9a2e9235f7a7ac7b899e5f3208fbb13c6985171a,0.1,,0x,0
662,0xa9c57b05623315f58897e1e75a97b30f605ec45d1eb4efd04636b858f48b699d,3835256,1496847985,0x448180c5cb63befb2a7cf42569c0debb3e5110a5,0x9a2e9235f7a7ac7b899e5f3208fbb13c6985171a,0.1,,0x,1
663,0xe4abccb2ac23660ae7be6acbf946d4acfecde08e433eff632a47513c5dd65ff0,3835523,1496852364,0x9d644189d15d9a2a5753c62d79c2d6328d69c9dc,0x9a2e9235f7a7ac7b899e5f3208fbb13c6985171a,0.1,,0x,0
664,0x8c1f984f050f1df90b39f08eac5ce430ade42bde1e02444cff6dd8f7010b879d,3835596,1496853607,0xdde0185bfed19e8842cd8373e26a7a71990696f6,0x9a2e9235f7a7ac7b899e5f3208fbb13c6985171a,0.1,,0x42696420,0
665,0x13bb40551c3cc8cee003b7de978f7e780f7098168f19007278394cdb36657fdd,3835817,1496857345,0xb456f392da98c700eabadb5aec8d41d9f8965798,0x9a2e9235f7a7ac7b899e5f3208fbb13c6985171a,0.2,,0x,0
666,0x02993adaa73c1f69a77bd2d55f8ca56014e8effdfab4bf83ac953c41047c1d22,3835831,1496857581,0x89523cdc360f909fbb2b31eb73935454b8ae176b,0x9a2e9235f7a7ac7b899e5f3208fbb13c6985171a,0.1,,0x,0
667,0x2d80212ccc15258dfe35e1d1e4ea8de10ae9ad06b0966e40d2b275f5c2cd05c6,3835925,1496859166,0x9d1972dcf610e88d0a45c315c86c61c1634d00b6,0x9a2e9235f7a7ac7b899e5f3208fbb13c6985171a,0.1,,0x,0
668,0x6dfe2992e1060bb3c4ae49be98bcf865aae20bbbc94ae8a0814c4afe5b9fca0d,3835940,1496859373,0x61ff517d087c402f1d7468af223b3818046c50ae,0x9a2e9235f7a7ac7b899e5f3208fbb13c6985171a,0.1,,0x,0
669,0x5972fd78e463b7b8aa90164001569b9a11168245b99c26ef1c0ba5aaddb45553,3836263,1496864051,0xc00a3c9aef2054cebf736a4452cd5c72cf26cad2,0x9a2e9235f7a7ac7b899e5f3208fbb13c6985171a,0.1,,0x,0
670,0x507099733e43522d2f44157dcb629e4c95bd60708bad341dcfdd3f694c121db3,3836353,1496865445,0x15540ebd9901326c325ad3b803cf34cca876b445,0x9a2e9235f7a7ac7b899e5f3208fbb13c6985171a,0.1,,0x,0
671,0xcd22d716dd5046aa3c2c158ad47229ce3f45b716859e8a8de296cf3e752d950f,3836372,1496865810,0xbd7e37ee47dae4c20c6ff892fad6b3b7e4c106d8,0x9a2e9235f7a7ac7b899e5f3208fbb13c6985171a,0.2,,0x,0
672,0x3926b4a4da780baf2ab92876b373984257b5dfcd5c2d6f690fdfc21380882bb1,3836372,1496865810,0xc82f5b7f412c912e12c58120bcf565c88f45a5ae,0x9a2e9235f7a7ac7b899e5f3208fbb13c6985171a,0.094687,,0x,1
673,0x4cfcc8093607be7ccb4adec6514f1573800199a4c9f26f07d999e170e9923c03,3836379,1496865912,0xd66e6580605a90020b63c0f922311f5bdc36725c,0x9a2e9235f7a7ac7b899e5f3208fbb13c6985171a,0.1,,0x,0
674,0x78a0ba69d3e1351646341ba913a820a323da256e29880d9232f98bc6aec7a716,3836379,1496865912,0xfd01dd90516936cf97b66dfd913e2b528163b64b,0x9a2e9235f7a7ac7b899e5f3208fbb13c6985171a,0.4,,0x,0
675,0x05a1d240e463af451314ad1944c55e41c45e2f157ccfeba63ee81491a73d8831,3836389,1496866020,0x2b8ca04098460f3cdf60170699433610ceeabad2,0x9a2e9235f7a7ac7b899e5f3208fbb13c6985171a,0.2,,0x,0
676,0xb0150cb78347280435c54e0a9c2adbe6cc81f5534bafd53859687edcf2fe22a4,3836397,1496866168,0xbd7e37ee47dae4c20c6ff892fad6b3b7e4c106d8,0x9a2e9235f7a7ac7b899e5f3208fbb13c6985171a,0.25,,0x,0
677,0xfe497c6e58a15898998d14d648b6433110e97ef7b4df2bd2575cde24f7171dd5,3836397,1496866168,0xe49033381db306ec779d5874bf6bcaaedac668c7,0x9a2e9235f7a7ac7b899e5f3208fbb13c6985171a,0.2,,0x,0
678,0xe58ef2c8f35e5ecebaa6159246dea9e359f0cc194c07b0a87f7541dc539aafeb,3836400,1496866188,0x7232131a9f984d56b91cf57bdb8a13a7a3c78f0d,0x9a2e9235f7a7ac7b899e5f3208fbb13c6985171a,0.2,,0x,0
679,0x04c8d5900db1000d5c15082c98b825e50f607f66218c09fea7cc1f03947f0780,3836404,1496866258,0x15c77d42756f61252dabdc67620ffcdbad84cd7e,0x9a2e9235f7a7ac7b899e5f3208fbb13c6985171a,0.3,,0x,0
680,0x7afc63b6b65746a9b97431f17e3f6d3eab6e84fa812847a8199ab558cbdc6f1e,3836404,1496866258,0x61ff517d087c402f1d7468af223b3818046c50ae,0x9a2e9235f7a7ac7b899e5f3208fbb13c6985171a,0.1,,0x,0
681,0x993a8b480a9ef1577937635b0651414ff7a17df20c354688edf25d7297a80c21,3836404,1496866258,0x15540ebd9901326c325ad3b803cf34cca876b445,0x9a2e9235f7a7ac7b899e5f3208fbb13c6985171a,0.1,,0x,0
682,0x8024b8ef4a46cac148e247b90590887db033c67ae7a4982a89740ade2831e36f,3836405,1496866277,0xc5e796df6499349ad39fed124896aec9d6c72f73,0x9a2e9235f7a7ac7b899e5f3208fbb13c6985171a,0.19,,0x,0
683,0xaa0ebce4bb3aeaaf4f37dcdd9ed383ff60d05acf4c6ec168e391322ea3269da6,3836405,1496866277,0x6f628672e0a2a8a9e147877ee4b7e8dbd53ad9c0,0x9a2e9235f7a7ac7b899e5f3208fbb13c6985171a,0.1,,0x,0
684,0xd84290cd2480fc20424c95a60363ce7d9907aff8e9eafdb032391684bc8c0c9b,3836405,1496866277,0xc82f5b7f412c912e12c58120bcf565c88f45a5ae,0x9a2e9235f7a7ac7b899e5f3208fbb13c6985171a,0.094246,,0x,1
685,0xd62e77f85ec0aac895f2f3d357b052665058ba496d28e82ecd2236b1ca343543,3836407,1496866330,0xe17d228b2ccfb1d8cadfd86622b672de33796b98,0x9a2e9235f7a7ac7b899e5f3208fbb13c6985171a,0.4,,0x,0
686,0xe5b0e9432c026b9ca43490a5e4d6364e46632adb5f962ba719eb719f48816b55,3836407,1496866330,0x15c77d42756f61252dabdc67620ffcdbad84cd7e,0x9a2e9235f7a7ac7b899e5f3208fbb13c6985171a,0.1,,0x,0
687,0xa2710df193366cfd5568158accc10b001d0b6b46e054b126767af14be3008abb,3836407,1496866330,0xd4b1ca8d9d61dd14ff5f4eb742e2638ce7c76e6a,0x9a2e9235f7a7ac7b899e5f3208fbb13c6985171a,4.0,,0x,0
688,0x4dddab69cfecfac92c3f32118bf2b851ac83e6acdcaee7231946b5181c5839fd,3836409,1496866375,0x15540ebd9901326c325ad3b803cf34cca876b445,0x9a2e9235f7a7ac7b899e5f3208fbb13c6985171a,0.3,,0x,1
689,0x219bc73a7ab4756e476c540146da51e17660efbafe7935b59992c438addeb23c,3836413,1496866417,0x4dda0d458aaaf2cc8e129e733eb08fca7cc07499,0x9a2e9235f7a7ac7b899e5f3208fbb13c6985171a,0.01,,0x,0
690,0x2f554f6a5a90de183a9d7a76f68db5a5bf9ef2aeaafebdae004ba7e69a4b9709,3836423,1496866626,0x4ed7f5f82b8c2448d74efd71de45d1d7122ea4bb,0x9a2e9235f7a7ac7b899e5f3208fbb13c6985171a,0.15733072955149735,,0x,0
691,0x1857c3ffd1cd974a3925d6a3fce0e47556d49beb55dd07a3c54f3845ffea6d80,3836438,1496866886,0x6cf647aad00f17357d5129ede73a05e63feadb98,0x9a2e9235f7a7ac7b899e5f3208fbb13c6985171a,0.1,,0x,0
692,0x71e312defea786f6bf410d043bae0d1c022449a5ab77066f491f4ac87438e5e6,3837008,1496876805,0x8d5c46ecfd3df3894f7c3b3bebfcbb66b58a9eb6,0x9a2e9235f7a7ac7b899e5f3208fbb13c6985171a,0.1,,0x,0
693,0x59debfd7ef02cb2506b54f554c7727bafaec3af968c21eb66994e8af1d39eef3,3837233,1496880605,0xb4c82ff1a2b63cd1585c7b849604ad40a6d3ab35,0x9a2e9235f7a7ac7b899e5f3208fbb13c6985171a,0.0848,,0x,0
694,0xa007f1597a1eba7ac2f1a86b6ac9fb4355089c8755bef3759320606f9fe31dcb,3838163,1496895961,0xefa61f6a22c3f6235802a2dc39ff6c27516ff4fa,0x9a2e9235f7a7ac7b899e5f3208fbb13c6985171a,0.1,,0x,0
695,0x4d7ce899daa2dab32d5e9cbd3553bd61b6585ec0166388f402b0117100f86a47,3838405,1496900136,0xd4b1ca8d9d61dd14ff5f4eb742e2638ce7c76e6a,0x9a2e9235f7a7ac7b899e5f3208fbb13c6985171a,0.5,,0x,0
696,0xd5cd9ffdc2b774c20f8fdba5463a89baa0ec824e28804478f00482b7ff53d3dc,3839590,1496919605,0xbc7cbebf6260af55d3b9f51fdedd461166bcd83d,0x9a2e9235f7a7ac7b899e5f3208fbb13c6985171a,0.16,,0x,0
697,0x548bbebaca185198b8cf7d1d50f0d6911a24caafe8d6786cafa706504aea1e88,3840857,1496941149,0x9d1972dcf610e88d0a45c315c86c61c1634d00b6,0x9a2e9235f7a7ac7b899e5f3208fbb13c6985171a,0.1,,0x,0
698,0xbdbf1842220de9225c06b4d3e8c24c5bfca03809e022593fc04ec9bffd99bcec,3841312,1496948590,0x15540ebd9901326c325ad3b803cf34cca876b445,0x9a2e9235f7a7ac7b899e5f3208fbb13c6985171a,0.2,,0x,0
699,0xe5ef785b7519234f7d3af13b8544371071fc208331ffc8072bb6073e51be83a9,3841345,1496949087,0x13945f618e11d6907f15ee362f0a6100b99f2750,0x9a2e9235f7a7ac7b899e5f3208fbb13c6985171a,0.26,,0x,0
700,0xddd8b92f0e9eb7fcaef51e972243f7f8517d6624cf2ba453abd8add30d5b6207,3841373,1496949429,0x4e2764badc693fb7c134499c4885ba1207a1f501,0x9a2e9235f7a7ac7b899e5f3208fbb13c6985171a,0.15,,0x,0
701,0x3ffe23011aa52c85fda6fa8d35d9ade8c37da8f07cf8d531dde668729e3779a5,3841420,1496950260,0x61ff517d087c402f1d7468af223b3818046c50ae,0x9a2e9235f7a7ac7b899e5f3208fbb13c6985171a,0.2,,0x,0
702,0xe0a631127ce8b81f2fd97e59d9b7bc2c147e740e271353e10e62eb315d47d192,3841548,1496952370,0x94910b06ce22fcdc4ebefce45bb923186509cc64,0x9a2e9235f7a7ac7b899e5f3208fbb13c6985171a,0.5,,0x,0
703,0xfe6decc5d07fec5ae657925f82815c853e738c4595d646d20cdaffc1c650904b,3841549,1496952394,0x86abc6200c67bb4671f6f6de08d449e2a1b63b34,0x9a2e9235f7a7ac7b899e5f3208fbb13c6985171a,0.2,,0x,0
704,0x36754f3a7543f46e11c65be84d1daff5b73e07183932cc6574bad4e64c4ffbf3,3841556,1496952457,0xb54d7349e63c0263946bbaacddf8217c7f146af5,0x9a2e9235f7a7ac7b899e5f3208fbb13c6985171a,0.1,,0x,0
705,0x334d763a2f20dfeacc31a4915cc20cd680ad30e54a53838240f0b0ec47cad8c4,3841558,1496952544,0x1e36f295dfe346d3194859aa19321c4d634b2fdc,0x9a2e9235f7a7ac7b899e5f3208fbb13c6985171a,0.1,,0x,0
706,0xa153fbb4c2be29684d05a49b86d9ce815353a40eb7febc6e1c857fdd9d300c9a,3841572,1496952688,0xbd7e37ee47dae4c20c6ff892fad6b3b7e4c106d8,0x9a2e9235f7a7ac7b899e5f3208fbb13c6985171a,0.1,,0x,0
707,0x7c59445c0b88a6d5310133b023d9d8667e543aca25a55c15a5fc7d61c754fc37,3841572,1496952688,0x2b6ca175dc70bf179ae9e488364fdad620fd271e,0x9a2e9235f7a7ac7b899e5f3208fbb13c6985171a,0.5,,0x,0
708,0x9cb0a89b28968cc36abc97c757c6640a17dbaedd0b3d58f8cc440ce8b21db047,3841572,1496952688,0x0c00d974e669f12a0f5e19a2920b4dcebd8af293,0x9a2e9235f7a7ac7b899e5f3208fbb13c6985171a,0.25,,0x,0
709,0x8afba27a155fd750b440e029d95fed801fc40a0041d7b3a7b0e6158ffb207eb9,3841574,1496952702,0xd80e4f684f4e2e8986e4a4c04e1ea983067ea73e,0x9a2e9235f7a7ac7b899e5f3208fbb13c6985171a,1.0,,0x,0
710,0xc05e34ed38dbe380475cbe853b48fa4e2eabf554cb5f3e04eb2b0e36c9b3ab43,3841576,1496952715,0xc5e796df6499349ad39fed124896aec9d6c72f73,0x9a2e9235f7a7ac7b899e5f3208fbb13c6985171a,0.1,,0x,0
711,0x24bb741c4a943aa81c89557e53db0428d6c2b157fffd6ce4ed0a2e85e74adede,3841579,1496952765,0x15c77d42756f61252dabdc67620ffcdbad84cd7e,0x9a2e9235f7a7ac7b899e5f3208fbb13c6985171a,0.15,,0x,1
712,0x8ccb4e4c6fead7bd9e97035096d77e24af9cf60e8131ca6357edb09227523cfd,3841579,1496952765,0x4e2764badc693fb7c134499c4885ba1207a1f501,0x9a2e9235f7a7ac7b899e5f3208fbb13c6985171a,0.3,,0x,1
713,0x65afc153109de9b5c50d89648e40c050bd65244ca15e80f5b130c72198756d48,3841582,1496952801,0x4dda0d458aaaf2cc8e129e733eb08fca7cc07499,0x9a2e9235f7a7ac7b899e5f3208fbb13c6985171a,0.01,,0x,0
714,0x531f6b80aba01479cb13895db1b3c7d883de9213c4c9bbc0bef3628504a7dc55,3842198,1496963003,0xd4b1ca8d9d61dd14ff5f4eb742e2638ce7c76e6a,0x9a2e9235f7a7ac7b899e5f3208fbb13c6985171a,3.2,,0x,0
715,0xff055e2e1bba387525fd9d590fde400de4cfbf52fdabcd53e94f39c5bbcca078,3842898,1496974304,0xefa61f6a22c3f6235802a2dc39ff6c27516ff4fa,0x9a2e9235f7a7ac7b899e5f3208fbb13c6985171a,0.1,,0x,0
716,0x8947d82730ba1bcd4c783d29641e5c1d204bbf03067e48946e2d629f7307f932,3843617,1496986666,0x4e2764badc693fb7c134499c4885ba1207a1f501,0x9a2e9235f7a7ac7b899e5f3208fbb13c6985171a,3.5,,0x,0
717,0xa772eddfa6d6b439fd40e8f7ac508148b389f5b8755a693c13853107e9f71cd4,3845903,1497025067,0x3cd33285706501bb41097bdf57cd66636f39789d,0x9a2e9235f7a7ac7b899e5f3208fbb13c6985171a,0.1,,0x,0
718,0x97fdbcc8b819d9dc45327eb526350a56e06136d54ed06ef5d7de1e4717e99131,3846229,1497030323,0x4ed7f5f82b8c2448d74efd71de45d1d7122ea4bb,0x9a2e9235f7a7ac7b899e5f3208fbb13c6985171a,0.2703954756015701,,0x,0
719,0xc93b9003b46ce2bc73531b54c434e5f3b813c4639ca03558c7e3f54045ade872,3846812,1497039052,0x4e2764badc693fb7c134499c4885ba1207a1f501,0x9a2e9235f7a7ac7b899e5f3208fbb13c6985171a,0.5,,0x,0
720,0x09dc0d265b7826977527d97389e33d46e17bf26667c66d9945ff07158f826e39,3846815,1497039103,0x4e2764badc693fb7c134499c4885ba1207a1f501,0x9a2e9235f7a7ac7b899e5f3208fbb13c6985171a,0.5,,0x,0
721,0xb24c09da32336300338cea89595c5e0b9c00fb01ac0a2116f5a59e96c1d007fb,3846816,1497039122,0xd4b1ca8d9d61dd14ff5f4eb742e2638ce7c76e6a,0x9a2e9235f7a7ac7b899e5f3208fbb13c6985171a,0.31,,0x,0
722,0xfccb7c7850358fa1e9333eba12e55a614cdf9a23957c27b857cfbea73cb8b41c,3846828,1497039356,0x4dda0d458aaaf2cc8e129e733eb08fca7cc07499,0x9a2e9235f7a7ac7b899e5f3208fbb13c6985171a,0.01,,0x,0
723,0xd499bd64583793a42b7d7353b00a79c921ce78420007f22da2e2ac9da5fecffd,3846952,1497041185,0x4e2764badc693fb7c134499c4885ba1207a1f501,0x9a2e9235f7a7ac7b899e5f3208fbb13c6985171a,0.3,,0x,0
724,0xa800581cba14cdc985a2bf6a198f800aef58e0b87f31cf04c29cf4452c1a753a,3847404,1497049014,0xb4c82ff1a2b63cd1585c7b849604ad40a6d3ab35,0x9a2e9235f7a7ac7b899e5f3208fbb13c6985171a,0.052,,0x,0
725,0x148190673b798ad3b04fb5e90d3215430f4c8fbe0084860fdd56631ae882687b,3847486,1497050386,0xefa61f6a22c3f6235802a2dc39ff6c27516ff4fa,0x9a2e9235f7a7ac7b899e5f3208fbb13c6985171a,0.1,,0x,0
726,0x0cae9ba52ca74288f5a4f297376e0a02c8e78d22e406a5d64f1675e20e37f2c3,3847708,1497054191,0xd4b1ca8d9d61dd14ff5f4eb742e2638ce7c76e6a,0x9a2e9235f7a7ac7b899e5f3208fbb13c6985171a,0.5,,0x,0
727,0xa71b515a8e2515910ee8f42ca4b69a59f8a0363065ee64ec5390b44c36991e70,3849612,1497085623,0xbc7cbebf6260af55d3b9f51fdedd461166bcd83d,0x9a2e9235f7a7ac7b899e5f3208fbb13c6985171a,0.25,,0x,0
728,0x13121fe298376344a850d936444cc648a2bac2ab631a51e15b967c2ff804148f,3851382,1497114497,0xdde0185bfed19e8842cd8373e26a7a71990696f6,0x9a2e9235f7a7ac7b899e5f3208fbb13c6985171a,0.1,,0x,0
729,0x30afa6a3cfc89696b4f7971a52af9be8791c208b98e90bc12194390fe622fd51,3851593,1497118285,0x493fe70cc291abe80f0a1e303d7fb5743f1eec1d,0x9a2e9235f7a7ac7b899e5f3208fbb13c6985171a,0.115,,0x,0
730,0x2c1407862862aacce94c049ac9897b4bc21990494937e60facf36ca58e1d2cbf,3851599,1497118367,0x493fe70cc291abe80f0a1e303d7fb5743f1eec1d,0x9a2e9235f7a7ac7b899e5f3208fbb13c6985171a,0.01,,0x,1
731,0x2090748a7a2fd3eb9e8389d73d0c7120d8ea86d0e2161403dfeb7ecaaa827a83,3851605,1497118478,0x86abc6200c67bb4671f6f6de08d449e2a1b63b34,0x9a2e9235f7a7ac7b899e5f3208fbb13c6985171a,0.2,,0x,0
732,0xe6149000a7194fedac14063042a58abfc42ff3e628b3ccc4d7cebbc27de5b6fb,3851605,1497118478,0xb54d7349e63c0263946bbaacddf8217c7f146af5,0x9a2e9235f7a7ac7b899e5f3208fbb13c6985171a,0.1,,0x,0
733,0xdde909b49f3b8522b00c2e736abf5302116d3573cf44465890ab0952231e44cf,3851856,1497122666,0x4e2764badc693fb7c134499c4885ba1207a1f501,0x9a2e9235f7a7ac7b899e5f3208fbb13c6985171a,0.2,,0x,0
734,0x7a3d546712227aefe702ab10dfdc242fa274bdc4845c9a4f449c7861cec0ed50,3851935,1497123737,0x13945f618e11d6907f15ee362f0a6100b99f2750,0x9a2e9235f7a7ac7b899e5f3208fbb13c6985171a,0.18400114,,0x,0
735,0x75c3a3d2da9ef3ef5189300939785ac112f8f64a94cbf187b1da2c82a9e6c333,3851963,1497124191,0xf7b70a2a72e35bfd5404a7eae55e4df6d8e5fd30,0x9a2e9235f7a7ac7b899e5f3208fbb13c6985171a,0.33,,0x,0
736,0x03bb4b6a96c7bcbd23ba627ed474eb3fe4c569203028b89d76fb1a17bce84180,3851972,1497124281,0x1457faa7158b531408502a03db3134e8d52f01d4,0x9a2e9235f7a7ac7b899e5f3208fbb13c6985171a,0.1,,0x,0
737,0x5fbb6289a6d3e1f7b7d7ee2d9825b0e63c45a058139dea1e211cfdb025d441ca,3852009,1497124886,0x387ddb52b1c2dc3821fb79b14518b6ef79e5d3c4,0x9a2e9235f7a7ac7b899e5f3208fbb13c6985171a,0.55,,0x,0
738,0x3ee7ac5909ebb4304a984c4cb6dd622ab03422dd3e7f59df5ee7b3d1dac62c52,3852011,1497124899,0x15c77d42756f61252dabdc67620ffcdbad84cd7e,0x9a2e9235f7a7ac7b899e5f3208fbb13c6985171a,0.2,,0x,0
739,0xe415c815999df413747afe6672d359af0fad85504cd5081311ac706395213f4b,3852022,1497125070,0xb456f392da98c700eabadb5aec8d41d9f8965798,0x9a2e9235f7a7ac7b899e5f3208fbb13c6985171a,0.3,,0x,0
740,0x55d97b367a5ada9bddd68567844ac5f0f24f3b874863bb68f8ff7dd809f36272,3852024,1497125163,0xf7b70a2a72e35bfd5404a7eae55e4df6d8e5fd30,0x9a2e9235f7a7ac7b899e5f3208fbb13c6985171a,0.026,,0x,1
741,0x3fabf98bedb83b9f4e52036b6405311649529a4d45a05a9160babe03dc7ddac2,3852026,1497125175,0x94910b06ce22fcdc4ebefce45bb923186509cc64,0x9a2e9235f7a7ac7b899e5f3208fbb13c6985171a,0.2,,0x,0
742,0xb815afd72d026e49e21dd97046bc542460cbad4ad59c4e84b3819e26a1041430,3852035,1497125275,0xe71979c345bf7c0a4e3fe350cf0fd186470d4ddc,0x9a2e9235f7a7ac7b899e5f3208fbb13c6985171a,0.1,,0x,0
743,0xbbc703bd81281037f36059fbcd5eae766318f328b041a3493003ad5e4e80af7f,3852036,1497125353,0x8d5c46ecfd3df3894f7c3b3bebfcbb66b58a9eb6,0x9a2e9235f7a7ac7b899e5f3208fbb13c6985171a,0.1,,0x,0
744,0x0739a2d3a1d319aff714bae428b51a91b18ffcfde1a93e98b9f5db3fe5c19742,3852036,1497125353,0x3125f097e64390690d34d4e012015ebb71cf36fd,0x9a2e9235f7a7ac7b899e5f3208fbb13c6985171a,0.1,,0x,0
745,0x836f414b9c0ec3a6827813755ab73f041db7a448bf2d8922fe41ddf42f9fbe3e,3852038,1497125384,0x15c77d42756f61252dabdc67620ffcdbad84cd7e,0x9a2e9235f7a7ac7b899e5f3208fbb13c6985171a,0.4,,0x,0
746,0x18bb928af665ca822ad79661af1c2becdf281e333c2c3d9538a024f3efb1113a,3852041,1497125408,0x4e2764badc693fb7c134499c4885ba1207a1f501,0x9a2e9235f7a7ac7b899e5f3208fbb13c6985171a,0.3,,0x,0
747,0x99f122d85b9fbb44ba630341d085f38665fd9abd0a171711d4767af6a21434d7,3852045,1497125476,0x6f628672e0a2a8a9e147877ee4b7e8dbd53ad9c0,0x9a2e9235f7a7ac7b899e5f3208fbb13c6985171a,0.2,,0x,0
748,0x9a064f2efe9cb6f1b097491ccb278cffb0cc912f8fd1ad4c81ef42f263bb86b6,3852047,1497125502,0xc5e796df6499349ad39fed124896aec9d6c72f73,0x9a2e9235f7a7ac7b899e5f3208fbb13c6985171a,0.2,,0x,0
749,0x91d5c9572ed7f88a120cda3dfe17d0009467fe05edc663020c28c80e7ca0f144,3852048,1497125532,0xf7b70a2a72e35bfd5404a7eae55e4df6d8e5fd30,0x9a2e9235f7a7ac7b899e5f3208fbb13c6985171a,0.02,,0x,1
750,0xa35bf98247dc5609c29fd86d74eb9ad25c6c372169b08792ee86d30e0a597e44,3852049,1497125540,0xf7b70a2a72e35bfd5404a7eae55e4df6d8e5fd30,0x9a2e9235f7a7ac7b899e5f3208fbb13c6985171a,0.01,,0x,1
751,0x8520de7bf0ab25a41024dde2977f24269b9591d5a098466710f674800e489d10,3852052,1497125623,0x4dda0d458aaaf2cc8e129e733eb08fca7cc07499,0x9a2e9235f7a7ac7b899e5f3208fbb13c6985171a,0.01,,0x,0
752,0xda46b0842b0b5f2645a487fe3b54e6ae48da95ec5c2d5c334b244a370c963ec8,3852053,1497125650,0xd4b1ca8d9d61dd14ff5f4eb742e2638ce7c76e6a,0x9a2e9235f7a7ac7b899e5f3208fbb13c6985171a,0.1,,0x,0
753,0xb38f5b062a1881f564bc3f8ed676e8209d5eb9c05e493010cb6167fedbb4e78e,3852091,1497126284,0x387ddb52b1c2dc3821fb79b14518b6ef79e5d3c4,0x9a2e9235f7a7ac7b899e5f3208fbb13c6985171a,0.1,,0x,0
754,0x0de1e82fed33f1af87d3b76692ce12c6fc885455b97ca29c8d833d5204a500c6,3852091,1497126284,0xa163b8a1e3d4792d6828b9bfd2f5469855f8fa67,0x9a2e9235f7a7ac7b899e5f3208fbb13c6985171a,0.1,,0x,0
755,0x62f9327f82ad110d2388047cd922a07f082ab391be202e0e4c4fecaa343038d2,3855076,1497174569,0xbc7cbebf6260af55d3b9f51fdedd461166bcd83d,0x9a2e9235f7a7ac7b899e5f3208fbb13c6985171a,0.25,,0x,0
756,0xf44760fb1ac6acc15c7663a66999d925a80fb823f2c33d4be0fc2177149a389f,3855076,1497174569,0xcab0b2fa31092327bf90739c304916b463a981cb,0x9a2e9235f7a7ac7b899e5f3208fbb13c6985171a,0.1,,0x,0
757,0x7b5b13122395f6e3a67185e98739509c3e17e28fb8556417bf7932f2ba815576,3856464,1497197474,0xf7b70a2a72e35bfd5404a7eae55e4df6d8e5fd30,0x9a2e9235f7a7ac7b899e5f3208fbb13c6985171a,0.26,,0x,0
758,0xb4948cd17bbf9239b51f83797577e84fefa5a8a59379914ace3cc88701b473ce,3856513,1497198123,0xe71979c345bf7c0a4e3fe350cf0fd186470d4ddc,0x9a2e9235f7a7ac7b899e5f3208fbb13c6985171a,0.1,,0x,0
759,0xb325fe9da2772e7d77e35ed21a7ce7dca08e477b3f0db3d0ef0d5e8056f69395,3856602,1497199381,0x6df8a9b56594860392a7d652640c5180cbdd92d3,0x9a2e9235f7a7ac7b899e5f3208fbb13c6985171a,0.5,,0x,0
760,0x13363d74e06c9b6a1156af243ff4433c00d2939913a88df73bc2561e4325b944,3857073,1497206755,0x12b54eba19f8fe78612ebd7286c6a895ecafd842,0x9a2e9235f7a7ac7b899e5f3208fbb13c6985171a,0.03,,0x,1
761,0xf25a1377bb7425f6a7a77ae099f9bde5fa6bb632aae942833d98f5a1254886be,3857096,1497207257,0x660db47e518d05d60d000226dfaa3bf2bc2d4d02,0x9a2e9235f7a7ac7b899e5f3208fbb13c6985171a,0.09953671,,0x,1
762,0xa83fd3fe01778d1f60d3ce2c1841e4e0026923d28ca0f9fe11fcc6f667c077af,3857111,1497207485,0xf240bc8c33ddc28037c641d03e803f967a2d86c1,0x9a2e9235f7a7ac7b899e5f3208fbb13c6985171a,0.1,,0x,0
763,0x686c31c5a89dbc3a58881aad5950612dce54e2a9b8746d16395f367cef63f8bf,3857206,1497209026,0x638d8966ec7803f10a9ce023de6580158f12256c,0x9a2e9235f7a7ac7b899e5f3208fbb13c6985171a,0.1,,0x,0
764,0x7ed9e7cb8ca946bb417e6e12c1b93e82bc03cf1c8f923ea5ef63366f37836971,3857323,1497211071,0x13945f618e11d6907f15ee362f0a6100b99f2750,0x9a2e9235f7a7ac7b899e5f3208fbb13c6985171a,0.28,,0x,0
765,0xcdfc769d3ac8ac200a97059dee6652f2afbe23f67de530591b3bc7298eaa4799,3857336,1497211306,0xf7b70a2a72e35bfd5404a7eae55e4df6d8e5fd30,0x9a2e9235f7a7ac7b899e5f3208fbb13c6985171a,0.26,,0x,0
766,0xecf71683b225a2f609c469160edd3d313aaf88c4ee3f0a800011992fa5db906d,3857352,1497211470,0x6df8a9b56594860392a7d652640c5180cbdd92d3,0x9a2e9235f7a7ac7b899e5f3208fbb13c6985171a,0.1,,0x,0
767,0xc08580d48dc9d3b9bf6ddb5552613bbde9e846fe50fa356a5b4c399eee4798c8,3857357,1497211511,0xb456f392da98c700eabadb5aec8d41d9f8965798,0x9a2e9235f7a7ac7b899e5f3208fbb13c6985171a,0.2,,0x,0
768,0xc664d928722daa7920430a8997ee0c7ec5b41220030dde15eb4e07888ba3175b,3857361,1497211606,0x8d5c46ecfd3df3894f7c3b3bebfcbb66b58a9eb6,0x9a2e9235f7a7ac7b899e5f3208fbb13c6985171a,0.1,,0x,0
769,0x7164dfc6f90a22386aef66afb8681ddabb3156f305b8586ecf4d3ed2832c7f06,3857362,1497211629,0x94910b06ce22fcdc4ebefce45bb923186509cc64,0x9a2e9235f7a7ac7b899e5f3208fbb13c6985171a,0.1,,0x,0
770,0xaac0e9544c1e6b93920231e2c66d5efb513a17729951bdbefefb944496e7b168,3857371,1497211776,0x15c77d42756f61252dabdc67620ffcdbad84cd7e,0x9a2e9235f7a7ac7b899e5f3208fbb13c6985171a,0.1,,0x,0
771,0xc701a46247d1b2c25ebaa9553a67469093d5375e00ad0ee31d05eb00a591cbb7,3857372,1497211807,0x5a83e1b619ca9f0409f14de0a8f4db1114f5ed5d,0x9a2e9235f7a7ac7b899e5f3208fbb13c6985171a,0.1,,0x,0
772,0x3f69b20effa31a8ee42ea4cc6ab7728964a274667d3d3fa38808b42360d081bc,3857384,1497212075,0x4e2764badc693fb7c134499c4885ba1207a1f501,0x9a2e9235f7a7ac7b899e5f3208fbb13c6985171a,0.1,,0x,1
773,0xb2803ded2f1ac7ffb7e9307a7936e3fa561661c4a15175f2a22171fa17f3ea51,3857384,1497212075,0x9d1972dcf610e88d0a45c315c86c61c1634d00b6,0x9a2e9235f7a7ac7b899e5f3208fbb13c6985171a,0.1,,0x,1
774,0x490f88ab47dcc95943ad9304399235605994fa1787f52300d5992ff2eae00ea8,3857384,1497212075,0xd4b1ca8d9d61dd14ff5f4eb742e2638ce7c76e6a,0x9a2e9235f7a7ac7b899e5f3208fbb13c6985171a,2.6,,0x,1
775,0xfc4be010c49675f5691b6e81bcf03964fa4659901ef101a3b65d0d8f1ff1c4e9,3857384,1497212075,0xc5e796df6499349ad39fed124896aec9d6c72f73,0x9a2e9235f7a7ac7b899e5f3208fbb13c6985171a,0.1,,0x,1
779,0x2cbc7f0abec309e46a5f1c39cb5a6529c47391af29e36528daf90e92e90c6ff2,3860868,1497270461,0x638d8966ec7803f10a9ce023de6580158f12256c,0x9a2e9235f7a7ac7b899e5f3208fbb13c6985171a,0.2,,0x,1
780,0xa874ce09ed17c395b43ebcac7e7a4d0a6d158dce31f74ab5507848a710c08e2a,3862100,1497290408,0xccba9cd515fa926cd224e72d882f95297c845b68,0x9a2e9235f7a7ac7b899e5f3208fbb13c6985171a,0.1,,0x,1
