,TxHash,BlockHeight,TimeStamp,From,To,Value,ContractAddress,Input,isError
0,0x2b3aaafb7b4c911efc3bceefca6526f9980df373d4d9ba8b12aa74dea281522d,4334428,1507069645,0x267be1c1d684f78cb4f6a176c4911b741e4ffdc0,0xa7695d8b04217f2f4821139b0f02ae3ed6b793f8,0.11,,0x,0
1,0x9abeb5bf39de9d2c8a6e59f0cc7985c1b43be6fec1fcd92cbd7b649e19f7a40c,4708843,1512917612,0x267be1c1d684f78cb4f6a176c4911b741e4ffdc0,0xa7695d8b04217f2f4821139b0f02ae3ed6b793f8,0.015,,0x,0
2,0xcebe4b5820fbbd97876a2ced684cadc32ce291e22d82a77bd772a06765328aa4,4709032,1512920544,0x34286045762982aa83501811dcdd6862f94f5878,0xa7695d8b04217f2f4821139b0f02ae3ed6b793f8,1.0,,0x,0
3,0x9d0d61433074ca87ed32c722396cdda88594bb9119c772c898a95344429c7601,4709089,1512921312,0xa7695d8b04217f2f4821139b0f02ae3ed6b793f8,0x34286045762982aa83501811dcdd6862f94f5878,0.01,,0x,0
4,0xd4d1f4e3806a97d9042059c3e66b5334b18e86a974a89a6e778854c0465d6367,4709091,1512921337,0xa7695d8b04217f2f4821139b0f02ae3ed6b793f8,0x34286045762982aa83501811dcdd6862f94f5878,1.0,,0x,0
5,0xe6faa90d6be1c72fd4dc1cd7442eb86e8ae2f75e6d331286694628040feca81b,4709141,1512922152,0x267be1c1d684f78cb4f6a176c4911b741e4ffdc0,0xa7695d8b04217f2f4821139b0f02ae3ed6b793f8,62.0,,0x,0
6,0x3e7568d1a54969295a8c9b8a7c7cd9516ce09dede8e59effe2a5fc8fc80ef449,4711128,1512951369,0x267be1c1d684f78cb4f6a176c4911b741e4ffdc0,0xa7695d8b04217f2f4821139b0f02ae3ed6b793f8,159.89889,,0x,0
7,0x3047a53ef375b129608b8c01cf66d9582e2cb3040d1b28fd088b0f72f5ddf190,4716191,1513027702,0x34286045762982aa83501811dcdd6862f94f5878,0xa7695d8b04217f2f4821139b0f02ae3ed6b793f8,100.0,,0x,0
8,0x2c38b021abc1cc14a115f84bf096094af096d50c95bef0ffca45f2b060674151,4716198,1513027819,0x267be1c1d684f78cb4f6a176c4911b741e4ffdc0,0xa7695d8b04217f2f4821139b0f02ae3ed6b793f8,65.45955,,0x,0
9,0x4491873eef7c2e1e8dff31ee3ba7369bd33b004ac3b9698fe1b1dec63c1580b7,4716610,1513033819,0x34286045762982aa83501811dcdd6862f94f5878,0xa7695d8b04217f2f4821139b0f02ae3ed6b793f8,200.0,,0x,0
10,0x24ce8237974f1303d567396af7965213ec2f3ee016fc7b56e264bbfb922bd35b,4716659,1513034495,0x34286045762982aa83501811dcdd6862f94f5878,0xa7695d8b04217f2f4821139b0f02ae3ed6b793f8,300.0,,0x,0
11,0x16c7dd30f0b6468d331f86db5607a909ff3fc363fd4d1fe9744365d2443938ce,4716670,1513034704,0x34286045762982aa83501811dcdd6862f94f5878,0xa7695d8b04217f2f4821139b0f02ae3ed6b793f8,300.0,,0x,0
12,0x6a8463beaf87ce3161b66948759dd29b95a2b1c939792fcb031cc8a1ea0ba94a,4716692,1513034995,0x34286045762982aa83501811dcdd6862f94f5878,0xa7695d8b04217f2f4821139b0f02ae3ed6b793f8,300.0,,0x,0
13,0x032787cf72b7502c4054803db4d2030d273f78cee6d1f1d7e4de2479c192eb53,4718804,1513066765,0x267be1c1d684f78cb4f6a176c4911b741e4ffdc0,0xa7695d8b04217f2f4821139b0f02ae3ed6b793f8,151.16831000000002,,0x,0
14,0x0cbabe073bdfc739e9789ca449d2d627bd838532a11a1a1269556a9cf76c6aff,4728066,1513207673,0x267be1c1d684f78cb4f6a176c4911b741e4ffdc0,0xa7695d8b04217f2f4821139b0f02ae3ed6b793f8,182.46230000000003,,0x,0
15,0x872c53805cafd74b386c78630165e97c3595b3d1094e23f7edf73299f94f721e,4730768,1513248710,0xa7695d8b04217f2f4821139b0f02ae3ed6b793f8,0x34286045762982aa83501811dcdd6862f94f5878,100.0,,0x,0
16,0x2a83203c35ad687d8fa2a927bb7ce0ff5ca27b5b386be94f718963b99d661a4a,4735793,1513324963,0x267be1c1d684f78cb4f6a176c4911b741e4ffdc0,0xa7695d8b04217f2f4821139b0f02ae3ed6b793f8,143.80867,,0x,0
17,0x8a72f7d52dc01804488aec56daed433732b3db64cd0252b6b9d6e65c7f546238,4737882,1513355634,0xa7695d8b04217f2f4821139b0f02ae3ed6b793f8,0x34286045762982aa83501811dcdd6862f94f5878,164.0,,0x,0
18,0x7132806984af31d9379cd5adb9bb33522e97bf4b477706d943c27af8c4d066e4,4739743,1513383304,0xa7695d8b04217f2f4821139b0f02ae3ed6b793f8,0x34286045762982aa83501811dcdd6862f94f5878,300.0,,0x,0
19,0xab0af3abfe2bbbe7267e0e90c21cc4fd4aaca8687ff186e21ef56c75bd2e4788,4742164,1513420421,0x267be1c1d684f78cb4f6a176c4911b741e4ffdc0,0xa7695d8b04217f2f4821139b0f02ae3ed6b793f8,152.0417,,0x,0
20,0xa14e21d98014b1c0336897805b3976a0ed8d523a05511defc7db6aed75b54f79,4744161,1513449993,0xa7695d8b04217f2f4821139b0f02ae3ed6b793f8,0x96c53acc6add1fce25d99ca91a49a738a7fe16a2,252.0,,0x,0
21,0x7441a0193d4e30fa0da39e4c41a14ce38ebf5ebacf4336a6d0d815d09f42df1e,4748201,1513509739,0xa7695d8b04217f2f4821139b0f02ae3ed6b793f8,0x2659008a31afa24b632afd5bd40dc663999dd8d4,12.0,,0x,0
22,0x018dee892e662f629291f389cbe2f76856ab85d58ce9f827768a1e1072be7cab,4748721,1513517739,0xa7695d8b04217f2f4821139b0f02ae3ed6b793f8,0x96c53acc6add1fce25d99ca91a49a738a7fe16a2,30.0,,0x,0
23,0x9e294d617182b15e578225cdae9bfd09b054d849d0bc16eb106d03bbbadc1eba,4817196,1514535160,0x267be1c1d684f78cb4f6a176c4911b741e4ffdc0,0xa7695d8b04217f2f4821139b0f02ae3ed6b793f8,282.08984,,0x,0
24,0xc013f37fc9349879cd88ad644cd40c40ca7e7eb310a739b092ea5ce200feecc3,4826341,1514671913,0x267be1c1d684f78cb4f6a176c4911b741e4ffdc0,0xa7695d8b04217f2f4821139b0f02ae3ed6b793f8,270.32031,,0x,0
25,0xb9237769ddf9e16a8c190f672fa62aff42f49ed0adeba6078261642f68bf86de,4838010,1514842474,0x267be1c1d684f78cb4f6a176c4911b741e4ffdc0,0xa7695d8b04217f2f4821139b0f02ae3ed6b793f8,278.18710000000004,,0x,0
26,0x886b68bba6e8f233ce53c3df216ed4713f80135b4c54083b6f38532b37babc4d,4846399,1514969335,0x267be1c1d684f78cb4f6a176c4911b741e4ffdc0,0xa7695d8b04217f2f4821139b0f02ae3ed6b793f8,236.49856,,0x,0
27,0xded3c23324f4a8003393f7c61d7ba8263b5818e2c976036b265fa327d62d61b5,4854719,1515099918,0xa7695d8b04217f2f4821139b0f02ae3ed6b793f8,0x34286045762982aa83501811dcdd6862f94f5878,0.1,,0x,0
28,0x99ec0bcacd79813f8ab290da65573eef7cd5e9f4ce85db1f210772fc8559ad24,4855250,1515108628,0x267be1c1d684f78cb4f6a176c4911b741e4ffdc0,0xa7695d8b04217f2f4821139b0f02ae3ed6b793f8,225.04317,,0x,0
29,0x14fb5c89909c015681490be18ea8a10cb832142608f4de12f7c1ae49e569140b,4864290,1515254302,0x267be1c1d684f78cb4f6a176c4911b741e4ffdc0,0xa7695d8b04217f2f4821139b0f02ae3ed6b793f8,205.18177999999997,,0x,0
30,0x31ef24ba8e898527fe0de8343fa36c03978620a3e6113f82cf135f95fdbbdf39,4871052,1515360437,0x267be1c1d684f78cb4f6a176c4911b741e4ffdc0,0xa7695d8b04217f2f4821139b0f02ae3ed6b793f8,203.22007000000002,,0x,0
31,0x2552e12cc4e452c764830573578f148ad2f87bf10951c71656ae0cf21981edd7,4876401,1515445436,0x267be1c1d684f78cb4f6a176c4911b741e4ffdc0,0xa7695d8b04217f2f4821139b0f02ae3ed6b793f8,96.97466,,0x,0
32,0xabaac04f2f590cd21aee97fa9acf24445cb56e41a090ec9315969b938139c90b,4880423,1515510115,0xa7695d8b04217f2f4821139b0f02ae3ed6b793f8,0x34286045762982aa83501811dcdd6862f94f5878,150.0,,0x,0
33,0x48d0e93a6fee1bd38a42cb91747932c67a62232249e06aefe66259ccc7d1325a,4882186,1515538195,0xa7695d8b04217f2f4821139b0f02ae3ed6b793f8,0x96c53acc6add1fce25d99ca91a49a738a7fe16a2,300.0,,0x,0
34,0x33b4d5efef07a58d1f722abb2a678dd8d5729cec143594a44ed31b5ea02a8029,4912205,1516014146,0x267be1c1d684f78cb4f6a176c4911b741e4ffdc0,0xa7695d8b04217f2f4821139b0f02ae3ed6b793f8,9.995,,0x,0
35,0x92bd88570cd02f2c5fd31e9dfc99121ab8fc0cb41ed1e7974a84d57bbac8feac,4912652,1516021060,0x267be1c1d684f78cb4f6a176c4911b741e4ffdc0,0xa7695d8b04217f2f4821139b0f02ae3ed6b793f8,140.15664,,0x,0
36,0x4b55cdd1c53d214f48edadeb6fb2eba494a7fc2cd33684ed616f09086fe207ad,4919930,1516135858,0x267be1c1d684f78cb4f6a176c4911b741e4ffdc0,0xa7695d8b04217f2f4821139b0f02ae3ed6b793f8,150.89896,,0x,0
37,0x42776bcf885334350bbd590372a6294458a27a045d50549a98f817bea76ee655,4928718,1516272607,0x267be1c1d684f78cb4f6a176c4911b741e4ffdc0,0xa7695d8b04217f2f4821139b0f02ae3ed6b793f8,105.2239,,0x,0
38,0xca9a320b5b032bbec59c33deba72e96668058dbfd86cf9d0a0a9f44051c99331,4960488,1516745505,0x267be1c1d684f78cb4f6a176c4911b741e4ffdc0,0xa7695d8b04217f2f4821139b0f02ae3ed6b793f8,201.189,,0x,0
39,0x946614ecb274159f8baddb50f75f3cae2364e93c29e4b7230603a582cf252ec1,4969324,1516873785,0x267be1c1d684f78cb4f6a176c4911b741e4ffdc0,0xa7695d8b04217f2f4821139b0f02ae3ed6b793f8,196.41068,,0x,0
40,0xd5554d2c80e281f167dc6f303f03fee5015bbb057d51432fcaf458784f0ea21f,4975447,1516963120,0x267be1c1d684f78cb4f6a176c4911b741e4ffdc0,0xa7695d8b04217f2f4821139b0f02ae3ed6b793f8,189.08395000000002,,0x,0
41,0x8e5357493eb19e51946e43bdbaf1f011e06263e6614ac9b6c3e96d9924ca5bd7,4983842,1517084244,0x267be1c1d684f78cb4f6a176c4911b741e4ffdc0,0xa7695d8b04217f2f4821139b0f02ae3ed6b793f8,194.52569999999997,,0x,0
42,0xbe592f42587ffcfd54b8120db75697d20bfe333d1c6d9af97534caf1cf37666f,8297874,1565105141,0x33538b3808aa60f88d9564bc93e2f70b51e79a55,0xa7695d8b04217f2f4821139b0f02ae3ed6b793f8,9.11e-16,,0x,0
43,0x8e9373aa20ddda487c631032441e905bd36d12682b2f556f07987dfa7bd8f078,11608778,1610038550,0xa7695d8b04217f2f4821139b0f02ae3ed6b793f8,0x55fd81ef4211fd33b828305118aa2d06b0126a36,1.1,,0x,0
44,0x4dbf9294da7d1ce4b9caf3cd2f54bfc569042e8d3de35c0dff05f7f151c3f565,11610404,1610060895,0xa7695d8b04217f2f4821139b0f02ae3ed6b793f8,0x55fd81ef4211fd33b828305118aa2d06b0126a36,100.0,,0x,0
45,0x5d4b927ba2ef6e5a3fe9207fa32844874e8d40eaff98b1bb4ad8db7dc684177c,11621272,1610204811,0xa7695d8b04217f2f4821139b0f02ae3ed6b793f8,0x55fd81ef4211fd33b828305118aa2d06b0126a36,50.0,,0x,0
46,0xc61f2ee3ba3cd2da7c942de0a9598a51ab2932b36dd385394ccf435454f1c2b8,11629129,1610308216,0xa7695d8b04217f2f4821139b0f02ae3ed6b793f8,0x55fd81ef4211fd33b828305118aa2d06b0126a36,50.0,,0x,0
47,0x119bf4287af1ba926d4f87e0d94c17d1d95e3acbf066c751175e06bd73b808a5,11649374,1610575769,0xa7695d8b04217f2f4821139b0f02ae3ed6b793f8,0x55fd81ef4211fd33b828305118aa2d06b0126a36,100.0,,0x,0
48,0x856551dcdec13f21db6f02b990803dd5f872164c18b552c11fb32636b1012559,11655983,1610664688,0xa7695d8b04217f2f4821139b0f02ae3ed6b793f8,0x55fd81ef4211fd33b828305118aa2d06b0126a36,201.0,,0x,0
49,0x59dd1dfe3847e49d8c9b9249e411fd7f4fc8e2a2ea045298f0cb4e10343814df,11822489,1612876935,0xa7695d8b04217f2f4821139b0f02ae3ed6b793f8,0x55fd81ef4211fd33b828305118aa2d06b0126a36,1.0,,0x,0
50,0x62054d7dbf18c2184e58d13d056925b796559fc184965402835752c2204eb8ce,11822531,1612877462,0xa7695d8b04217f2f4821139b0f02ae3ed6b793f8,0x55fd81ef4211fd33b828305118aa2d06b0126a36,102.0,,0x,0
51,0xd3b0e22435eae12e78cce01d6e52cb95b8a2b33a44e9af2f70d57bcd3ca66d97,12407432,1620660709,0xa7695d8b04217f2f4821139b0f02ae3ed6b793f8,0x55fd81ef4211fd33b828305118aa2d06b0126a36,51.0,,0x,0
52,0xa192f1c9de75b454e98ccc490e7c05d99079548245b9a5efd8bc1f9c819446b0,13372685,1633621368,0xa7695d8b04217f2f4821139b0f02ae3ed6b793f8,0x55fd81ef4211fd33b828305118aa2d06b0126a36,1.0,,0x,0
53,0x2db2d501e86e5e380eb910449b20060f2517822513c498e79b48888537dff7e9,13372791,1633622918,0xa7695d8b04217f2f4821139b0f02ae3ed6b793f8,0x55fd81ef4211fd33b828305118aa2d06b0126a36,20.0,,0x,0
54,0x95d6bfb68cd6f4f9c92b14a74f52a7db697232062f9a0029f94aeaec56f2b128,13894268,1640701685,0xa7695d8b04217f2f4821139b0f02ae3ed6b793f8,0x9d63006630b78cc74a07f701c6838ff2603e177c,0.01522,,0x,0
55,0x6dae87fd200a6e9b2a95706e70c3f0edeeca097a4ffa8b03bc34add8fe944b01,13894338,1640702538,0xa7695d8b04217f2f4821139b0f02ae3ed6b793f8,0x9d63006630b78cc74a07f701c6838ff2603e177c,502.32,,0x,0
56,0xa083334386249348b0bec831916f993e7f8c0fa755f6ba9458747b076d2d64c3,13894369,1640702951,0xa7695d8b04217f2f4821139b0f02ae3ed6b793f8,0x9d63006630b78cc74a07f701c6838ff2603e177c,507.87,,0x,0
57,0x540522225ba36b00fa72b5d1547843a2262535c2da8528a172e0362a02bdd478,13894390,1640703222,0xa7695d8b04217f2f4821139b0f02ae3ed6b793f8,0x9d63006630b78cc74a07f701c6838ff2603e177c,970.3900000000001,,0x,0
58,0xfdd4c201651534102cd6b42a92adbe8b5f3a509ed3c28d9396ecb0b7fa671fce,13896028,1640725100,0xa7695d8b04217f2f4821139b0f02ae3ed6b793f8,0x96c53acc6add1fce25d99ca91a49a738a7fe16a2,0.047,,0x,0
59,0xe39c1b72213c04b8531dbdfad0aeaff635b9aecb1a9ffbfe1eddb862143b2fc6,13896060,1640725452,0xa7695d8b04217f2f4821139b0f02ae3ed6b793f8,0x96c53acc6add1fce25d99ca91a49a738a7fe16a2,501.54,,0x,0
60,0x2f2ee6fd95139538a0d4b2f6010a7887f51a4111e4eca97c5c974299e4fcdc94,13896093,1640725934,0xa7695d8b04217f2f4821139b0f02ae3ed6b793f8,0x96c53acc6add1fce25d99ca91a49a738a7fe16a2,634.3,,0x,0
61,0x99c72663b741f3338e02808c4d246b4098b894bd62eafe9ceb869488909e8ee0,13896135,1640726680,0x267be1c1d684f78cb4f6a176c4911b741e4ffdc0,0xa7695d8b04217f2f4821139b0f02ae3ed6b793f8,0.5125,,0x,0
62,0xc4712b7dd3b5450b536332cabf5147381e797b3ea855cb0ed4d63359205e1f73,13896162,1640727127,0x267be1c1d684f78cb4f6a176c4911b741e4ffdc0,0xa7695d8b04217f2f4821139b0f02ae3ed6b793f8,202.26649999999998,,0x,0
63,0x20a46ece9bfa517a64fe9987fb75836e1a1e8b132b41f7dc9e2ff30e76c7c528,13896199,1640727604,0x267be1c1d684f78cb4f6a176c4911b741e4ffdc0,0xa7695d8b04217f2f4821139b0f02ae3ed6b793f8,398.01009999999997,,0x,0
64,0x55f70e7c5aa6c037681a0ece6030e1005eb74aae302e11afab296dc1d7c5b3b4,13896235,1640728034,0x267be1c1d684f78cb4f6a176c4911b741e4ffdc0,0xa7695d8b04217f2f4821139b0f02ae3ed6b793f8,707.0108,,0x,0
65,0xd4a244c44febecab285b01d2e27e7829e28cac8a59d4cc128dbd6d9ebc494c12,13896259,1640728456,0x267be1c1d684f78cb4f6a176c4911b741e4ffdc0,0xa7695d8b04217f2f4821139b0f02ae3ed6b793f8,693.084,,0x,0
66,0xdef25fb15f404bfcb04e7866a55eddf9b58baf3526e56ef6c1994584bc39d941,15969509,1668443783,0xa7695d8b04217f2f4821139b0f02ae3ed6b793f8,0x9d63006630b78cc74a07f701c6838ff2603e177c,1.08,,0x,0
67,0x28da97e719fb57fbdd171388a88a303ae99e0734c1dbd0ec42ca27b3dee95cb7,15969612,1668445019,0xa7695d8b04217f2f4821139b0f02ae3ed6b793f8,0x9d63006630b78cc74a07f701c6838ff2603e177c,37.2832,,0x,0
68,0x0496c7340befadfa3f0522861f356fa0db18144e29dbeb738973832528f4de79,15969711,1668446207,0xa7695d8b04217f2f4821139b0f02ae3ed6b793f8,0x9d63006630b78cc74a07f701c6838ff2603e177c,263.174,,0x,0
69,0xdeee70300c4013f683782ab7cf4f55821fb7023a9f7eec4d748fb87c57f58b4e,15969819,1668447503,0xa7695d8b04217f2f4821139b0f02ae3ed6b793f8,0x9d63006630b78cc74a07f701c6838ff2603e177c,305.9327,,0x,0
70,0x483204bff6f5475de56ed0fbf158259b828222b13449fec7bf04ca9c5c3ddb4c,15985195,1668633287,0xa7695d8b04217f2f4821139b0f02ae3ed6b793f8,0x9d63006630b78cc74a07f701c6838ff2603e177c,298.1444,,0x,0
71,0x145ec1db1fa075bbd07dd5536dea53594c543522fc55638210cb772d955be034,15985312,1668634691,0xa7695d8b04217f2f4821139b0f02ae3ed6b793f8,0x9d63006630b78cc74a07f701c6838ff2603e177c,302.45169999999996,,0x,0
72,0xa1bc79066caee02ab0b534bfb6253c600802a33a02643794d9b5b45f80a7960d,15991800,1668712943,0xa7695d8b04217f2f4821139b0f02ae3ed6b793f8,0x9d63006630b78cc74a07f701c6838ff2603e177c,193.25,,0x,0
73,0x4f453943acb46eb99bdfb6be27598cda07576501a3da3d03ce0d8278cb3de0c7,15992152,1668717203,0xa7695d8b04217f2f4821139b0f02ae3ed6b793f8,0x9d63006630b78cc74a07f701c6838ff2603e177c,269.5,,0x,0
74,0x5d7838adbafd43a7aa175138937608fcc54cf398923797232be443d86e094caf,15998251,1668790799,0xa7695d8b04217f2f4821139b0f02ae3ed6b793f8,0x9d63006630b78cc74a07f701c6838ff2603e177c,330.25,,0x,0
75,0xced0fdd96e5c4fb356a55c9d22f8ae62e2aca7a7a5b58994acf4e639535c90cc,15998473,1668793499,0xa7695d8b04217f2f4821139b0f02ae3ed6b793f8,0x9d63006630b78cc74a07f701c6838ff2603e177c,0.003766416,,0x,1
