,TxHash,BlockHeight,TimeStamp,From,To,Value,ContractAddress,Input,isError
0,0x531cb59790364687950d2f43537824ad842e4d09a973f4f963277abbeed974f4,4310831,1506355713,0xb06481dcb3e5d0261659acc689d8542483e24bba,0xd43424102fce7b967b3b1f0fc52152da401e5510,0.1,,0x,0
1,0x93a36ed6c0b1e6824764d4002d995ac8a663244d9bf568e9c31b9d8b4122e86d,4310839,1506355893,0xb06481dcb3e5d0261659acc689d8542483e24bba,0xd43424102fce7b967b3b1f0fc52152da401e5510,1800.0,,0x,0
2,0x2ad1954f159340e47e6b56d799fce5722f99358ab69fb91d7bf596c5758a4725,4317939,1506568276,0xd43424102fce7b967b3b1f0fc52152da401e5510,0x72ce3fa73438c24c8fab5492b5533a2e726d3709,675.0,,0x,0
3,0xf9612bf27d90fd10b9672b14b1ce2e6c8ca5c735373dd1854ee49cbad628008c,4322162,1506697993,0xd43424102fce7b967b3b1f0fc52152da401e5510,0x6557ba514dda2f31a89334b0d0a0cca69948a345,162.0,,0x,0
4,0x96c0bc5c3d9fde7c83a6710b918fcc1454519ae2e402eeab41384ad9abaedc8f,4322500,1506707071,0xd43424102fce7b967b3b1f0fc52152da401e5510,0x6557ba514dda2f31a89334b0d0a0cca69948a345,962.0,,0x,0
5,0x7442873c9fe1839bda875dc1496efd07829d6cd7c641e89fa77eed55c0d49d78,4403237,1508607944,0xd43424102fce7b967b3b1f0fc52152da401e5510,0x978d5c7daa3eb169cd526be6880a4e50bbe1d035,0.85223368,,0x,0
6,0xf02a41ae37a361d1c36995255a2e5e3edb8698275b8563b526ad4cd3157ce880,4403377,1508609961,0xb06481dcb3e5d0261659acc689d8542483e24bba,0xd43424102fce7b967b3b1f0fc52152da401e5510,6873.0,,0x,0
7,0xa7006a6ddc7860f3b2fd8bce61b2c33645fad6a9e423c73c7994f0a04ade759e,4403386,1508610041,0xd43424102fce7b967b3b1f0fc52152da401e5510,0x978d5c7daa3eb169cd526be6880a4e50bbe1d035,6872.0,,0x,0
8,0x2ddca99171f5f12da6be0b4a69d4c8c312a9ececf7d0d29ab19b9a6223b9e567,4456596,1509349490,0x096198f4507c4fc7d61cd8d122a6bc301431085e,0xd43424102fce7b967b3b1f0fc52152da401e5510,2950.81967213,,0x,0
9,0x049752a9183be24257c2c5e2f3b3de9be0bd3add59d967938c3463d6b4118a1c,4457498,1509361943,0x74ca93e6640de5ff6777f2d794e1bed0181049d0,0xd43424102fce7b967b3b1f0fc52152da401e5510,1525.0,,0x,0
10,0x77113b154f821ebe3fa97218b9c0deb157fb532e4bb950cb64bdb0eab250b55c,4457739,1509365371,0xc6c7730cdd333f2d7495d99206d2b89fa4313558,0xd43424102fce7b967b3b1f0fc52152da401e5510,2296.0,,0x,0
11,0x2e2cf08165b090b9fbdb71901fb2a4afbf19a7074343a3718c557cc2a16d11eb,4457747,1509365533,0xc6c7730cdd333f2d7495d99206d2b89fa4313558,0xd43424102fce7b967b3b1f0fc52152da401e5510,292.0,,0x,0
12,0x264f767c0a677bec736fd075248d59943242d0e86227acf362ec5ca222a8e424,4458142,1509370878,0xb01f67721fa5dae8f44dd1d261412605aa8e67c8,0xd43424102fce7b967b3b1f0fc52152da401e5510,228.0,,0x,0
13,0x9acdf55c3d1fc71fa84c3e42bb48d26930d3864f4af3ba2452e4c897086b1410,4458563,1509376786,0x51540bf842c00a5da9561802a1bcb594fe786688,0xd43424102fce7b967b3b1f0fc52152da401e5510,2200.0,,0x,0
14,0xe690a773443358341de24d09c680474751fb59646a3d0f529ad80f0f55b322c4,4461907,1509424452,0xd43424102fce7b967b3b1f0fc52152da401e5510,0x978d5c7daa3eb169cd526be6880a4e50bbe1d035,0.001,,0x,0
15,0x67fbb1d6ece014e663d59ccdc2c726e11b6c3a4fc38b33234dceab67f3aeca61,4462213,1509428551,0xb01cb49fe0d6d6e47edf3a072d15dfe73155331c,0xd43424102fce7b967b3b1f0fc52152da401e5510,0.607,,0x,0
16,0x09b76c0456e6272b126d7c4ce2fe1f523f98b184a053a3d21d3d464130fa9a4f,4462339,1509430018,0xb01cb49fe0d6d6e47edf3a072d15dfe73155331c,0xd43424102fce7b967b3b1f0fc52152da401e5510,483.0,,0x,0
17,0x78f6d65e20b26fad4cbb25c88f37ee95a570ed893572238b8296a171f1bd7785,4462339,1509430018,0xb01cb49fe0d6d6e47edf3a072d15dfe73155331c,0xd43424102fce7b967b3b1f0fc52152da401e5510,500.0,,0x,0
18,0xd9c5bf0e4d64bcf498b018c79aed1d199ee6d5aa84299e0562b2a0b959098845,4462868,1509437370,0xd43424102fce7b967b3b1f0fc52152da401e5510,0xb06481dcb3e5d0261659acc689d8542483e24bba,6493.5064935,,0x,0
19,0xc79dc2a69b6e4e0e389a71bd39f38a023d86e39d48b127d6c4b459940aef2b7d,4463755,1509449533,0x6040b4f4f2284ff096eaf106da25c99fee331ade,0xd43424102fce7b967b3b1f0fc52152da401e5510,1311.47541,,0x,0
20,0xae73e7e05f10752de9f1557ff917a11bc7ff6446515cfac056d7e8bde909cdaa,4464512,1509460493,0xb464bb5bee1c10cfd6a2a2289f6aad47bb55a6fc,0xd43424102fce7b967b3b1f0fc52152da401e5510,327.86885245,,0x,0
21,0x8da5a081b1826f9a8d42da639772b221cc682b4ac3e541c21f267deb2ac486c7,4464618,1509461844,0xe30456a17ef6a127ab5879eeb141f8114df7c7e6,0xd43424102fce7b967b3b1f0fc52152da401e5510,6557.370000000001,,0x,0
22,0x4037d4ab1bc9648ad3a93f45c9f880bd70966e7d3df3e2cc01e9a057d70ba4d3,4467509,1509501445,0xd43424102fce7b967b3b1f0fc52152da401e5510,0x978d5c7daa3eb169cd526be6880a4e50bbe1d035,12000.0,,0x,0
23,0x1579e059e16044534cc314e7a08879957e919e30470bd16b4fc3c1a44eb3ba05,4467765,1509505144,0xb1a16e0002e42f974a5866f458978ecb012aa371,0xd43424102fce7b967b3b1f0fc52152da401e5510,328.0,,0x,0
24,0xb8431af677fb6996f7f55d91a399c9a100034a6d63507b459cd899ecfef9c430,4468480,1509514790,0x470643e9b1f2bbfe3e1cdbffa354c16a4fbfab43,0xd43424102fce7b967b3b1f0fc52152da401e5510,346.0,,0x,0
25,0x74bc57ee15389db98eeacd59fc9f5821c349e967d6a0c7d0f8e27e8e3b0931e6,4468729,1509518383,0xb01f67721fa5dae8f44dd1d261412605aa8e67c8,0xd43424102fce7b967b3b1f0fc52152da401e5510,282.0,,0x,0
26,0xc22ad39109a703ab1176673f7b7ef73fef2053720755803dd37bcf7b3901e9a9,4473450,1509585044,0xb01cb49fe0d6d6e47edf3a072d15dfe73155331c,0xd43424102fce7b967b3b1f0fc52152da401e5510,380.0,,0x,0
27,0x743503a947afe5f4c9413e58b07ac820ddb15ff906e3be87b03bcac08aa8069b,4473451,1509585062,0xb01cb49fe0d6d6e47edf3a072d15dfe73155331c,0xd43424102fce7b967b3b1f0fc52152da401e5510,500.0,,0x,0
28,0xde08ebaf23821d478f33f828b91b683fdd41cf006591f623ac4807441c6cf5c1,4476110,1509622634,0xe89943ec20d856f064a87349a00ef6ab00aed042,0xd43424102fce7b967b3b1f0fc52152da401e5510,328.0,,0x,0
29,0xb82181be4613ec5f35259a5fd8bd998dd444833db9485d6c39b1bd778970aa3a,4479727,1509673716,0xb01cb49fe0d6d6e47edf3a072d15dfe73155331c,0xd43424102fce7b967b3b1f0fc52152da401e5510,0.01,,0x,0
30,0xe9f6ab4323c148267dcdcab47df344a1db6b377dfa7688016aaa88eafacef34b,4487200,1509777664,0xb01cb49fe0d6d6e47edf3a072d15dfe73155331c,0xd43424102fce7b967b3b1f0fc52152da401e5510,131.59,,0x,0
31,0x133f7536fde72de8dc5873d589505e389ef40b7bb7d7607c1c6d39503bb6307c,4499078,1509941135,0x51164b5ed01279d0eb444e576e19203777d15448,0xd43424102fce7b967b3b1f0fc52152da401e5510,983.6059999999999,,0x,0
32,0xd90789b8dfd77c5202526816c90a5c948b435cb3fa488a09591a0b6ba7b943fd,4500008,1509954000,0xd43424102fce7b967b3b1f0fc52152da401e5510,0x978d5c7daa3eb169cd526be6880a4e50bbe1d035,3119.9129,,0x,0
33,0xaa49c6d3f0b95ffb43187c2656c17f0ec3b57f5f5153212cdf634dafff2c45f8,4506182,1510040663,0x303e33b483b5df3148cb2eaa1c17c486531ddf31,0xd43424102fce7b967b3b1f0fc52152da401e5510,328.0,,0x,0
34,0xd7b4fd826cc38d03385db6f96e864fc57962ce1d0e724bf8b1f9c87b605671f1,4506616,1510047079,0x2c37bdad5165dca53f0b6b9c939a3dd6baa0c337,0xd43424102fce7b967b3b1f0fc52152da401e5510,598.249559,,0x,0
35,0xa14147bd97f245b18d5e4b01a77e95129ac87d27c49bbabece3166363c51efdf,4507585,1510060425,0xc2831d0e3014ba99f6de03185d016e2bb6e82062,0xd43424102fce7b967b3b1f0fc52152da401e5510,3885.1351351351,,0x,0
36,0x6617987700764782ace3febe4926223c631b1508ed2b5a57c064e03349e4d542,4518769,1510215122,0x303e33b483b5df3148cb2eaa1c17c486531ddf31,0xd43424102fce7b967b3b1f0fc52152da401e5510,342.0,,0x,0
37,0x54799f3cdbaa5081ed993b2cfe4fd3b6c97f6efb267c909cfaa4e5799a8eb0c3,4535623,1510447784,0xd43424102fce7b967b3b1f0fc52152da401e5510,0x978d5c7daa3eb169cd526be6880a4e50bbe1d035,5046.000000000001,,0x,0
38,0xca0b3ea66f92f7ea033582929e752d63e6850caad8a5c0c98302bdeba49df343,4548718,1510629375,0xfbb1b73c4f0bda4f67dca266ce6ef42f520fbb98,0xd43424102fce7b967b3b1f0fc52152da401e5510,322.578,,0x,0
39,0xc2d738bdbde95c541cee89ea79648e848a0eef6804812c7d4306ed8132fd0d46,4549033,1510634372,0xb01f67721fa5dae8f44dd1d261412605aa8e67c8,0xd43424102fce7b967b3b1f0fc52152da401e5510,645.16,,0x,0
40,0xc42ab77ca765faf8fad8088079f8edb05f756696e3279dbb1982bce0b4caac34,4549617,1510642438,0xf31b904aa429ad675e0fd702f0f23822de1e3921,0xd43424102fce7b967b3b1f0fc52152da401e5510,645.16,,0x,0
41,0x11cbeff606dd7b30767457206f2503a87b3030c1deddf46d54a149740e37378a,4549925,1510646586,0xb01cb49fe0d6d6e47edf3a072d15dfe73155331c,0xd43424102fce7b967b3b1f0fc52152da401e5510,467.74,,0x,0
42,0x80c0ea756d4fdb0400d01dc189c45ee0eaae5afca5d2fe2eca8beffb362756b4,4549926,1510646608,0xb01cb49fe0d6d6e47edf3a072d15dfe73155331c,0xd43424102fce7b967b3b1f0fc52152da401e5510,500.0,,0x,0
43,0x8c603e0e6d0f5e9589299235252fd42610f4081f95fb1d9c9449683da6bc4349,4550496,1510654325,0xb01cb49fe0d6d6e47edf3a072d15dfe73155331c,0xd43424102fce7b967b3b1f0fc52152da401e5510,0.01,,0x,0
44,0xf909390a01cfcad2d91df2766cb839a819437020ab2056c1a430dd01f9aa624e,4550579,1510655445,0x74ca93e6640de5ff6777f2d794e1bed0181049d0,0xd43424102fce7b967b3b1f0fc52152da401e5510,322.58,,0x,0
45,0x4072790aa8af0d348594aa5f94649115c84e4dbd491ce9ac5497504d77896f92,4550636,1510656353,0xf31b904aa429ad675e0fd702f0f23822de1e3921,0xd43424102fce7b967b3b1f0fc52152da401e5510,322.58,,0x,0
46,0x96cd11452843129d86d17b0e19734d71b1d5bf267faa813d529d8193a29932ad,4551077,1510662743,0x96c5336352ce854228770ad15c9952d2737c27ec,0xd43424102fce7b967b3b1f0fc52152da401e5510,467.741,,0x,0
47,0x9a69c86210cf4fa4f83db325ef58d6561814450782de0e1793fd4dfd669bce74,4551910,1510674418,0xdec8cc78e879a965e7eb1fff2023ee13eb0cf4ba,0xd43424102fce7b967b3b1f0fc52152da401e5510,322.58,,0x,0
48,0x4b35fb1ef027afa5e481c7c5e10fdd9513a7d0031508b5cafabfec1227b3ad5e,4555250,1510721100,0x51540bf842c00a5da9561802a1bcb594fe786688,0xd43424102fce7b967b3b1f0fc52152da401e5510,645.16,,0x,0
49,0xd60ee98e2897011cbdd979993abead39eee5a2d10b9b24623ec6df3dfb6b7d45,4556094,1510732668,0xd57eb8c2f9a8e55a584f2ee2e4a3badf113f8a7a,0xd43424102fce7b967b3b1f0fc52152da401e5510,1755.9838010164165,,0x,0
50,0x0684dd5fe71f23a0aeb8f4cbad7ee96b3e87698deb6f193764095717e6a91c21,4556116,1510732892,0x096198f4507c4fc7d61cd8d122a6bc301431085e,0xd43424102fce7b967b3b1f0fc52152da401e5510,4193.54838709,,0x,0
51,0x787effb7005a2956357d010be56ea70d5feeace844bf5357b250992134898c81,4556355,1510736326,0xcc2a8472f5a9ee275639fa6bf6bb901e5cefdf5a,0xd43424102fce7b967b3b1f0fc52152da401e5510,2033.54,,0x,0
52,0xf842a94dfd537a346c28c97621bba121920c87d979623c272db14c3f66db9965,4556727,1510741536,0x3695ad9e307274d61c1b578177898c7a40035be9,0xd43424102fce7b967b3b1f0fc52152da401e5510,645.16,,0x,0
53,0xb238649833fe161b4e7d5bdc8357cac0cdea63c9371d4fbdbce9166090664a50,4556763,1510742169,0xc2831d0e3014ba99f6de03185d016e2bb6e82062,0xd43424102fce7b967b3b1f0fc52152da401e5510,3225.7999999999997,,0x,0
54,0xd4f3c66db8472f9129773ec28b73e3d9ef33c5169bcbf817f6b5b063a963e618,4557406,1510751207,0xb01cb49fe0d6d6e47edf3a072d15dfe73155331c,0xd43424102fce7b967b3b1f0fc52152da401e5510,0.01,,0x,0
55,0x4da496e23b1ce3b1f1b0ae19e920766d94442cdfcc4fd76bfcc159a3b910bdf2,4557610,1510754130,0xd2c5d59b68dc7e2ce2dd4460e6cd7d32e8b46fbe,0xd43424102fce7b967b3b1f0fc52152da401e5510,1.0,,0x,0
56,0x3915bd3b32d8234e501279034a28427c74dd1bbb9fe93e3a604ec155b3b130b5,4558774,1510770401,0xd2c5d59b68dc7e2ce2dd4460e6cd7d32e8b46fbe,0xd43424102fce7b967b3b1f0fc52152da401e5510,6500.0,,0x,0
57,0xcad0dbb1ffc82f46afd5c14af182c301219f9bbe730103166ff8aea1ed61223d,4561141,1510803238,0xd43424102fce7b967b3b1f0fc52152da401e5510,0x34922c80dbfd8f1770cbe371b51e615e76f4a777,30.0,,0x,0
58,0x41554eed29f96043f2ec8987fd1a5e0df3acda0771e05256ad1d567cff9b92bf,4561159,1510803565,0xd43424102fce7b967b3b1f0fc52152da401e5510,0x34922c80dbfd8f1770cbe371b51e615e76f4a777,22900.0,,0x,0
59,0x03ce46c4bd92c8c6913e20eca4fea9d3fdc2d43c53b8ad050628f73e5b11f668,4561960,1510815087,0xb01cb49fe0d6d6e47edf3a072d15dfe73155331c,0xd43424102fce7b967b3b1f0fc52152da401e5510,322.58,,0x,0
60,0xacd35fe4737d96c1d92d765aa72ed6b33b9f9f46e25e626960c9cf2f791cc4ac,4562544,1510823464,0xb01cb49fe0d6d6e47edf3a072d15dfe73155331c,0xd43424102fce7b967b3b1f0fc52152da401e5510,96.764,,0x,0
61,0x56c515d9fb731b00c2f7a60e95226b2601e5eb1923ab2b02aa6fe749b2541705,4635924,1511846464,0x303e33b483b5df3148cb2eaa1c17c486531ddf31,0xd43424102fce7b967b3b1f0fc52152da401e5510,350.0,,0x,0
62,0x34b3c1d5d352b97d260986008cf28cf3a99cc0655ae99043c581e2d6c24f4318,4641913,1511931854,0x4e0c9cd4c3e484218f04983c15dc5e92c9fce729,0xd43424102fce7b967b3b1f0fc52152da401e5510,212.766,,0x,0
63,0x6b2fdb086b6c7a859a0165d32fa22f53535cd6d0add4d7c9fd7e1d495f7feda2,4641980,1511932752,0xfbb1b73c4f0bda4f67dca266ce6ef42f520fbb98,0xd43424102fce7b967b3b1f0fc52152da401e5510,21.2766,,0x,0
64,0x132839c5012ad8a9879e1059266a0a83140c6f1ae56021748a1f195d931aa8e8,4642081,1511934079,0x303e33b483b5df3148cb2eaa1c17c486531ddf31,0xd43424102fce7b967b3b1f0fc52152da401e5510,212.766,,0x,0
65,0x62638cad40bca5c1d3c0ca5c48fb906254039dd22dcf4688cf0bf331c7e413a2,4642249,1511936303,0x06627cce7464826e261dc88b7daf6af768a7618c,0xd43424102fce7b967b3b1f0fc52152da401e5510,638.2979999999999,,0x,0
66,0xcbf41f1c26434cf43f0307827c47bcbf37f4ff7b3b96363442a0ea6a17a0ab16,4642446,1511939055,0xf0924dc339b6e26492d6325e5b61cc2b9a84a0cb,0xd43424102fce7b967b3b1f0fc52152da401e5510,212.766,,0x,0
67,0x1b07103a59307dd87760ea3c93ef2e5733cdd7fcaf993f1383a5d1bf087606b2,4642823,1511944464,0xb187b83cdeed97b230989a8e375cf92177fb35fa,0xd43424102fce7b967b3b1f0fc52152da401e5510,425.532,,0x,0
68,0xaf5016e3d754e6e703ff8be29b7362ca115fd2f97f851bb1b42ba2d41097ced7,4643061,1511947658,0x06627cce7464826e261dc88b7daf6af768a7618c,0xd43424102fce7b967b3b1f0fc52152da401e5510,425.532,,0x,0
69,0x0532cff781ecc1c654819830566d448352ede1515b7ccf6cddc87b9ab6150efd,4644348,1511965080,0xc6c7730cdd333f2d7495d99206d2b89fa4313558,0xd43424102fce7b967b3b1f0fc52152da401e5510,3404.256,,0x,0
70,0xcc239f41c167105a4c345e70853e433946fc23e1f7e71ef08711d9cba947f2bb,4644517,1511967335,0xaeb1fd7b2a4fae69d767ba9df5a14632419c8c90,0xd43424102fce7b967b3b1f0fc52152da401e5510,638.2979999999999,,0x,0
71,0x7ac2df2028bc46a81c7fe76c66fd6f33915672355ae0e4908ae6e4301f76a671,4647007,1512003268,0x303e33b483b5df3148cb2eaa1c17c486531ddf31,0xd43424102fce7b967b3b1f0fc52152da401e5510,483.0,,0x,0
72,0x3d4b25b7471baf8f84a9532b3a374bbf45cca8fb3c6a2526c6acd468d2f8bd67,4647309,1512007198,0x96c5336352ce854228770ad15c9952d2737c27ec,0xd43424102fce7b967b3b1f0fc52152da401e5510,265.958441,,0x,0
73,0x80aaae11d6823f7cbf59a95d15a79971e42614e1d43d13f5cdfaffd79649a8f5,4647309,1512007198,0x303e33b483b5df3148cb2eaa1c17c486531ddf31,0xd43424102fce7b967b3b1f0fc52152da401e5510,42.5532,,0x,0
74,0xd0e91d43c36e3b9126fdaaff74170af4e4b34a7ace0d04d03c1f09b7f0e2efae,4647358,1512007952,0xd5e34109011745bede0de9155ff0e3c0218cc70e,0xd43424102fce7b967b3b1f0fc52152da401e5510,1130.0,,0x,0
75,0x5940ded3ae7162b848b9fb3662275176f594ebc51f23e688e1335fdad67a6a27,4647509,1512010084,0x51540bf842c00a5da9561802a1bcb594fe786688,0xd43424102fce7b967b3b1f0fc52152da401e5510,7446.81,,0x,0
76,0x5742a55c96ca1d48234fa1ca765b5df917fbcc8369f5e160b1e77f4f258a509f,4648002,1512016854,0x6601a3ea702bfe8731b0b7aa251eefdfca04f794,0xd43424102fce7b967b3b1f0fc52152da401e5510,531.9150000000001,,0x,0
77,0x3f792248d1dc4e4d2258d4f4310723d5a6419eff98d52c67b30ff566041cf007,4648289,1512020735,0x2c37bdad5165dca53f0b6b9c939a3dd6baa0c337,0xd43424102fce7b967b3b1f0fc52152da401e5510,439.02955899999995,,0x,0
78,0x301af875e04b505a5d4af89b3f00bc96929325c1686b3acf104452f4569a12e1,4648346,1512021679,0xb01cb49fe0d6d6e47edf3a072d15dfe73155331c,0xd43424102fce7b967b3b1f0fc52152da401e5510,212.766,,0x,0
79,0x1c0d76fde2cbc6594b837aafd87b7bef1caa0f5c179e93069ad320050d62ca3c,4648479,1512023635,0x303e33b483b5df3148cb2eaa1c17c486531ddf31,0xd43424102fce7b967b3b1f0fc52152da401e5510,53.0,,0x,0
80,0xfd37eb67828ea314a205ec624c590d1b05335a12fb329e7a3866f5969932bbdb,4648830,1512028740,0xd2c5d59b68dc7e2ce2dd4460e6cd7d32e8b46fbe,0xd43424102fce7b967b3b1f0fc52152da401e5510,1850.0,,0x,0
81,0xfdab34a0ff10519d3ab705e810428b59a1ad5ba801f5b664801f9abdd1494b0a,4649200,1512033932,0xd43424102fce7b967b3b1f0fc52152da401e5510,0x34922c80dbfd8f1770cbe371b51e615e76f4a777,18098.0,,0x,0
82,0x94a0ef98fc86b2f3d6cd32fb507f72654c2fc52110e45419b967f7d63f5801b2,4649693,1512041080,0xb01cb49fe0d6d6e47edf3a072d15dfe73155331c,0xd43424102fce7b967b3b1f0fc52152da401e5510,0.01,,0x,0
83,0x8dec7c10191f133f5fdb15211b2aebb4627fa9154648317638c95a5ee861ae74,4650413,1512050966,0xb01cb49fe0d6d6e47edf3a072d15dfe73155331c,0xd43424102fce7b967b3b1f0fc52152da401e5510,81.6966,,0x,0
84,0x59012e4b53f74c828a5bba0e03ca18ff31b1d7ad5f141b2ff23eba8b7b7c65c8,4650483,1512051960,0x32be343b94f860124dc4fee278fdcbd38c102d88,0xd43424102fce7b967b3b1f0fc52152da401e5510,42.0,,0x,0
85,0x09fa88536c0e0f21a94717f5f542ba0f5c17634655c8c2be486c941a5b8f5c5e,4671475,1512350912,0xd5e34109011745bede0de9155ff0e3c0218cc70e,0xd43424102fce7b967b3b1f0fc52152da401e5510,146.596,,0x,0
86,0xc781b24415f529d9650523d390353de44f7db2c1a75f1c0cb45eed7cf21647c0,4791965,1514168651,0xb01cb49fe0d6d6e47edf3a072d15dfe73155331c,0xd43424102fce7b967b3b1f0fc52152da401e5510,413.79310200000003,,0x,0
87,0x9833dffd07c2a8bf573ee7c8ce552059f4a3ddf58d039af5a26baa882b4f60a5,4805566,1514364390,0xd43424102fce7b967b3b1f0fc52152da401e5510,0x6557ba514dda2f31a89334b0d0a0cca69948a345,368.13,,0x,0
88,0x81b259f845276d6c4975d1a18fa9c12ac9c5acfecb47ddae970f7f6301305beb,4811978,1514457484,0xb187b83cdeed97b230989a8e375cf92177fb35fa,0xd43424102fce7b967b3b1f0fc52152da401e5510,275.482094,,0x,0
89,0x53a536d5ecabdaa4c3dd7e00362320249c7027bdcabb63926356c21538837aec,4812505,1514465276,0x20ce7dde8148bad59bf0c0b5a62c5df210b82c4b,0xd43424102fce7b967b3b1f0fc52152da401e5510,137.742047,,0x,0
90,0x90db6b369082229f3602f312501101fe2102f93fb0889a099cde43bf564aaef9,4816089,1514518521,0x51540bf842c00a5da9561802a1bcb594fe786688,0xd43424102fce7b967b3b1f0fc52152da401e5510,2066.115705,,0x,0
91,0x0e2eecde8801f8ee25e5de0d180c220de4050211fc83cb755a0113e183964d61,4816548,1514525409,0xf4852015c4d1a2ee03a0900b8c5dc56809ca96ba,0xd43424102fce7b967b3b1f0fc52152da401e5510,123.9669423,,0x,0
92,0x4c183355c5598b65c1b7e8b93464707c6cc8b865cfdea0ed6bc0e9d1306b6a8f,4817299,1514536899,0xd43424102fce7b967b3b1f0fc52152da401e5510,0x5a735e805bc7c7dceab931b50bea3c7e0550c5a1,0.0001,,0x,0
93,0x8d9f2894e4f60a3d60a3cfc93e200ab3d4e8fb9b5e7478d9cb1a4e31199a84bb,4817320,1514537256,0xd43424102fce7b967b3b1f0fc52152da401e5510,0x5a735e805bc7c7dceab931b50bea3c7e0550c5a1,2602.912,,0x,0
94,0xc52b927d5f10eb0f038b284333a781ed3adf50081625398d65f59577dae04a47,4817514,1514539836,0x74ca93e6640de5ff6777f2d794e1bed0181049d0,0xd43424102fce7b967b3b1f0fc52152da401e5510,1731.0253,,0x,0
95,0xa4003269c0764524ab2559b5bc5631e265023a6c91e6fe01b9d4588b52f826d1,4818050,1514547635,0x89613272326e1b9958b22a342574f0750305b968,0xd43424102fce7b967b3b1f0fc52152da401e5510,532.623169,,0x,0
96,0xec76c2d2d11ec75970ebbf0ba1b04cab7aecb6b3b8c29f8112bc4c780c3ce674,4820743,1514588412,0x8879b8afb42b59a0a34e8d892170d028ed4127ab,0xd43424102fce7b967b3b1f0fc52152da401e5510,399.467377,,0x,0
97,0x4bab8cc0bee36fd219583520cd901384999dc853fc764f977b964d1a8988237e,4821633,1514601742,0x51540bf842c00a5da9561802a1bcb594fe786688,0xd43424102fce7b967b3b1f0fc52152da401e5510,2366.0,,0x,0
98,0x542cb64f72666afd10b14e7d3b8c3dae4d7192b1bb8f4a61fda3c0a1f90b8f49,4822085,1514608455,0xe30456a17ef6a127ab5879eeb141f8114df7c7e6,0xd43424102fce7b967b3b1f0fc52152da401e5510,666.0,,0x,0
99,0x0b4db88d3de5977772e0ee2e47b5443f889b31b759150f3ab9629d28aa39ffbf,4822227,1514610769,0x511836d585bb1c933c02d69a6f36d6f05eeece5c,0xd43424102fce7b967b3b1f0fc52152da401e5510,2351.5217000000002,,0x,0
100,0xe767532e0233026834a9bed2c22deba3d3cd94daab9b96d8342968cdb0d45b27,4822242,1514610960,0xcc2a8472f5a9ee275639fa6bf6bb901e5cefdf5a,0xd43424102fce7b967b3b1f0fc52152da401e5510,808.2700000000001,,0x,0
101,0x14457eab4979b5595fafb4bf9773c6c016041ed10a9ecd952295554ae764f72f,4822390,1514613347,0xd2c5d59b68dc7e2ce2dd4460e6cd7d32e8b46fbe,0xd43424102fce7b967b3b1f0fc52152da401e5510,0.02,,0x,0
102,0x654648d9fa5cc181de11a18320912229161927402faab453ac6f999ba8e21a9c,4822799,1514619541,0xd2c5d59b68dc7e2ce2dd4460e6cd7d32e8b46fbe,0xd43424102fce7b967b3b1f0fc52152da401e5510,4592.0,,0x,0
103,0xfc91e055111acc913892f035f0548eb39ec627492e60d369debf0e70198a58c7,4822820,1514619931,0xd2c5d59b68dc7e2ce2dd4460e6cd7d32e8b46fbe,0xd43424102fce7b967b3b1f0fc52152da401e5510,7.0,,0x,0
104,0x8e7d03689b9444755881e9c0f42e856eccc1d6a26125645215b3adb8c7e51bed,4823088,1514623909,0xd43424102fce7b967b3b1f0fc52152da401e5510,0xf3e296e23077ada119aff8dd5f7605739cd83d19,0.001,,0x,0
105,0xe6622834d867c4846571d1f86ccb7d2bb06e04f017442e330cdf4889d021b0a6,4823222,1514626071,0xd43424102fce7b967b3b1f0fc52152da401e5510,0xf3e296e23077ada119aff8dd5f7605739cd83d19,13446.67677,,0x,0
106,0xc2eaee754a7a5bed5cad1b1393b46b943e4d8b08cd1bb6dfe6d2a79898432463,4828129,1514697753,0xd2c5d59b68dc7e2ce2dd4460e6cd7d32e8b46fbe,0xd43424102fce7b967b3b1f0fc52152da401e5510,1.0,,0x,0
107,0xf03fb5ef096de194b3cc18fa3a3c779b8fdb7ce95dff830c461320d915202042,4828139,1514697918,0xd2c5d59b68dc7e2ce2dd4460e6cd7d32e8b46fbe,0xd43424102fce7b967b3b1f0fc52152da401e5510,107.0,,0x,0
108,0x4804d1db2709979ce1e9a472d7c61899e61da787b230f47c9f541dd818f89a76,4828151,1514698105,0xd2c5d59b68dc7e2ce2dd4460e6cd7d32e8b46fbe,0xd43424102fce7b967b3b1f0fc52152da401e5510,971.0,,0x,0
109,0xa7ec2ffe866f91fc12aca4863fa54d211192de369d2d41c0ffab2ebb9de56679,4830444,1514731622,0xd2c5d59b68dc7e2ce2dd4460e6cd7d32e8b46fbe,0xd43424102fce7b967b3b1f0fc52152da401e5510,1393.0,,0x,0
110,0x6df34058f18e479ccc3390e934e2d01cec838602fea29772269cafa425205e90,4857908,1515151712,0xb06481dcb3e5d0261659acc689d8542483e24bba,0xd43424102fce7b967b3b1f0fc52152da401e5510,1.0,,0x,0
111,0xaf30ab64edb44b53d34a888b3371ce12c6ac573ac87c16c35f7e9742e11b1517,4858170,1515155701,0xd43424102fce7b967b3b1f0fc52152da401e5510,0x499351732bcc06b29cbd9f7b0e7c2dd82bea9d2c,900.0,,0x,0
112,0xfe8e28b88e6f18996ad051fa492409a74058956815f0addd992fc8cebda9742a,4863928,1515248909,0x499351732bcc06b29cbd9f7b0e7c2dd82bea9d2c,0xd43424102fce7b967b3b1f0fc52152da401e5510,810.0,,0x,0
113,0x736f4653f6a3e63daef64317ebcaf9e7555b51637eb48a234af70d926ce4b221,4874475,1515414560,0xb93e703d6df459ab51026c9c625a1eb1e187ce1e,0xd43424102fce7b967b3b1f0fc52152da401e5510,87.310507,,0x,0
114,0x9cd1ec5644a2a8b043a0727ce5cee92afe0bfa60075ca015f2232564202ae4c2,4874507,1515415042,0x83088aa2624160c38410ac075ef36d53965bfd0f,0xd43424102fce7b967b3b1f0fc52152da401e5510,174.61301400000002,,0x,0
115,0xe659a46676f48c0977f5c6497f778c8dae78c0a08d90c5d81a476300ccf6e81b,4874547,1515415762,0xc9981ddb4888accd1ab93033f942a55ccab8f6ad,0xd43424102fce7b967b3b1f0fc52152da401e5510,523.83906,,0x,0
116,0xe81699487d226fbda1606dffb900fc409bc42a98cd9d249313be295cfbe1ee58,4877669,1515465866,0x90e0c15dd00080f314509ce6886dc5ae5ec496f1,0xd43424102fce7b967b3b1f0fc52152da401e5510,1660.0,,0x,0
117,0x8238a4f40c88fbce64d6b84c1d4d697f41f931fad5d02239f437f1e6d6bf009d,4878667,1515481936,0xb01f67721fa5dae8f44dd1d261412605aa8e67c8,0xd43424102fce7b967b3b1f0fc52152da401e5510,52.39,,0x,0
118,0x797668dc454f42abb076f177423b6c414f213c174f40e6a7ea8a88811f45afeb,4878874,1515485396,0xb01cb49fe0d6d6e47edf3a072d15dfe73155331c,0xd43424102fce7b967b3b1f0fc52152da401e5510,174.61301400000002,,0x,0
119,0x1c54d602053a1a19ea70b952fbc55b8726e67ca2b92038c3b294c51cce92796b,4879140,1515489261,0x274196a07c48bcc18255e8e51541a068c59bb8f7,0xd43424102fce7b967b3b1f0fc52152da401e5510,87.306,,0x,0
120,0x4a66b93a9696d5dd94e62d9b79b885eb06fbc4a1dc18468781adf229bbe07cec,4879150,1515489480,0x51540bf842c00a5da9561802a1bcb594fe786688,0xd43424102fce7b967b3b1f0fc52152da401e5510,83.307483,,0x,0
121,0x9e5cfd74c32d8794f6457e76c0e604c832c1c33f49ed6a2c629b9e6c95de6c87,4879150,1515489480,0x0d595123e0139cf240b04e0959b75bbd9c2bf57e,0xd43424102fce7b967b3b1f0fc52152da401e5510,250.815,,0x,0
122,0x39dd9948eda154d52b47d66cdb0557e84722f3b63f0bcd608fac5e6e04a05e33,4879172,1515489831,0xee21fd47c4ca215fb43f53e427dee3e3b56a2ace,0xd43424102fce7b967b3b1f0fc52152da401e5510,87.30650700000001,,0x,0
123,0xd70ad20a519ecd8c409d0d4b4f0c147daf16fd3eac5c0ea42d7986e571559662,4879241,1515490973,0xd43424102fce7b967b3b1f0fc52152da401e5510,0x34922c80dbfd8f1770cbe371b51e615e76f4a777,0.26028,,0x,0
124,0x3534fcd806d7a45a53696eed4ae6f0ba05ea52a5b64c08b4dc5ef82243806ffc,4879254,1515491139,0xd43424102fce7b967b3b1f0fc52152da401e5510,0x34922c80dbfd8f1770cbe371b51e615e76f4a777,3492.0,,0x,0
125,0xef0787b3bd7a700ad16fd8a0bf48bdcfee697cf9acda165adec463f635484d0e,4879333,1515492151,0x51540bf842c00a5da9561802a1bcb594fe786688,0xd43424102fce7b967b3b1f0fc52152da401e5510,3.99948,,0x,0
126,0xd117c2af1796f8b177d6e13fff418c07aa17ee484ea18c61568eb50ddf60ca96,4879370,1515492923,0xb06481dcb3e5d0261659acc689d8542483e24bba,0xd43424102fce7b967b3b1f0fc52152da401e5510,7500.0,,0x,0
127,0x098155732b2000a7ae3cbd953f78012818eb55d0fd65b13ab69eae0df9a44a7f,4879413,1515493573,0xd43424102fce7b967b3b1f0fc52152da401e5510,0x33cc1c2364e87a987da97045b78c2ab4259f8b26,1.0,,0x,0
128,0xca191bef290d1409769beb8d5bd2a6d2a560f92e135180bb58f604ac697719fc,4879434,1515493958,0xd43424102fce7b967b3b1f0fc52152da401e5510,0x33cc1c2364e87a987da97045b78c2ab4259f8b26,9000.0,,0x,0
129,0xdfcf8baba88c08053b1a9ddd20804b822a1dd39bdac4ae54173331595e377189,4879721,1515498481,0xd5e34109011745bede0de9155ff0e3c0218cc70e,0xd43424102fce7b967b3b1f0fc52152da401e5510,532.62317,,0x,0
130,0xa8b5b441a131aafa50052bca35f55c42db24d7e9fa46ea78399d0292df382e8f,4880107,1515504914,0xd43424102fce7b967b3b1f0fc52152da401e5510,0x21a976f632c3df0c7c8bcdeea25b334d679ddbf8,12.8567,,0x,0
131,0xc1a8c849b377991a4b0b8f3db99f1e44b3691379bd0611c820069cad6c606b85,4880219,1515506792,0xd43424102fce7b967b3b1f0fc52152da401e5510,0x406b427a2c093634990e999ce8a89dd18618e558,180.0,,0x,0
132,0x5d55d40d1e88ee446fb9699a42a1cc08950c98ddfff8cf31aa8f960f47a6978d,4884426,1515575022,0xd43424102fce7b967b3b1f0fc52152da401e5510,0x72ce3fa73438c24c8fab5492b5533a2e726d3709,156.43619,,0x,0
133,0x2bcbca8c1d14a7ef0afd1349ccb5159112d7a348cca721205f8b43aae2adcf84,4884546,1515576806,0x74c4d949f7a9942de73b224fc0b8db9533816d28,0xd43424102fce7b967b3b1f0fc52152da401e5510,104.0,,0x,0
134,0xe921d8a2267f34b0d1689d92acde081f98d3edaaa394863448c9831e8dd83831,4893551,1515719771,0xd43424102fce7b967b3b1f0fc52152da401e5510,0x618fa40038adfcf27ec33a0d9f032f08a3deb9eb,337.382648,,0x,0
135,0xc482956078b431f9f20c4106cc994ae679d2c4cf109e7f3f2d2898b3cd185dc0,4895517,1515751450,0x74c4d949f7a9942de73b224fc0b8db9533816d28,0xd43424102fce7b967b3b1f0fc52152da401e5510,16.4829797,,0x,0
136,0xd2693b156bb6ada05792deaf8106b6c6124bcb2d7261b0c10edfc508ef233a5c,4895541,1515751997,0xd43424102fce7b967b3b1f0fc52152da401e5510,0xd66ce6126c4227b1208b1a7610017d6a5fd87c1c,70.4549,,0x,0
137,0x9029ec2c84af3858a35431d7b702bebe00622de4f64bc1861b9a7be2ebb9a304,4906875,1515930825,0xd43424102fce7b967b3b1f0fc52152da401e5510,0x422ecd13712ded9f0ba5a88a10819f5fed79e3b5,12.17,,0x,0
138,0x1c40f14e9162266e3cc8fc52ef3eaf058c84a3e7c16aefc3710da41d7bf87e0c,4937717,1516409741,0x853e960a347b24143e2c7d317b5e356cc987a05c,0xd43424102fce7b967b3b1f0fc52152da401e5510,272.7,,0x,0
139,0x79d3de4c0668203e0348f506b19ef289482afc277248c93e9d3149eb4da86b87,4938371,1516419912,0xd43424102fce7b967b3b1f0fc52152da401e5510,0x7f28bfd2e0ed0b3b12d3910c14e1bd67291aa1b2,0.0006,,0x,0
140,0xc7b6ddf29262a05ab213703e4085c33ab70f4fabeb0511affcec54e6272c2086,4938374,1516419956,0xd43424102fce7b967b3b1f0fc52152da401e5510,0x8ff817a321f93d67ee22a4770b6394a9ec17e343,0.002,,0x,0
141,0xb213d42f133a2dbcf4f94c8dfa4292f788389714aeb99333d00fc25b6802b84b,4938376,1516419995,0xd43424102fce7b967b3b1f0fc52152da401e5510,0xe91e007fd1469bead629a175ad0c3e837d80580d,0.01,,0x,0
142,0xcfe21060319cca107b9692eee1ccb1ba8fe2b5d09571c90432e6b1e5d1eddbb7,4938378,1516420037,0xd43424102fce7b967b3b1f0fc52152da401e5510,0x16d9197c0442d47366b75192510eed13c6c708cd,0.01,,0x,0
143,0x617fe5164eddd7dd276c6aa4a8d55e26615d53a1f37bbdc542faac0fd5e79124,4938381,1516420083,0xd43424102fce7b967b3b1f0fc52152da401e5510,0x3a63f6f496b7d7d6a27b19b44f869d14b25b6414,0.05,,0x,0
144,0xa9db6eab78ee1966b284d339b337d549ea0494b2a79de672d8b5cc98f112f5a6,4938584,1516422840,0xb06481dcb3e5d0261659acc689d8542483e24bba,0xd43424102fce7b967b3b1f0fc52152da401e5510,11544.0,,0x,0
145,0x31c3a33ebcf73104edcde37f2489149596278e9820c4e626d5691322b142ac21,4938603,1516423205,0xd43424102fce7b967b3b1f0fc52152da401e5510,0x750662779846f1f96c644f38ab8d08bcd413cf4d,0.05,,0x,0
146,0xe89d9ddf62eefde88928f6b063f985cfe1ce5f25969a056f55278f9f5f571e5c,4938606,1516423268,0xd43424102fce7b967b3b1f0fc52152da401e5510,0x7f28bfd2e0ed0b3b12d3910c14e1bd67291aa1b2,2000.0,,0x,0
147,0x70483502dd86bbef1f74054fa123fcefbc8c8b6faa075ee65ad977c492d875d4,4938609,1516423306,0xd43424102fce7b967b3b1f0fc52152da401e5510,0x8ff817a321f93d67ee22a4770b6394a9ec17e343,2000.0,,0x,0
148,0x3b2c0ac323e516c72c8d1f30e3fb27f9f5d726a7b73bbe4b8b0b4e0b69c5818d,4938611,1516423352,0xd43424102fce7b967b3b1f0fc52152da401e5510,0xe91e007fd1469bead629a175ad0c3e837d80580d,2000.0,,0x,0
149,0x248b744af59727f2a082b2c0a953ea6ad2766a08151bd1ba00ce9f69436c06d0,4938621,1516423485,0xd43424102fce7b967b3b1f0fc52152da401e5510,0x16d9197c0442d47366b75192510eed13c6c708cd,2000.0,,0x,0
150,0x9c417b7ba20cf448886f57c300fd17180b6152003d3748e5a8f864568a2fb8a9,4938647,1516423867,0xd43424102fce7b967b3b1f0fc52152da401e5510,0x3a63f6f496b7d7d6a27b19b44f869d14b25b6414,2000.0,,0x,0
151,0x8ade8c639335e02cafad01e8fe8669e40fb6c45c3116eea146cf86909d13e1e0,4938661,1516424084,0xd43424102fce7b967b3b1f0fc52152da401e5510,0x750662779846f1f96c644f38ab8d08bcd413cf4d,1544.0,,0x,0
152,0xb7b7414b47d97f67c78205ca519b5532f4900c20828145d2a64ab1deb35c7658,4998482,1517297106,0xd551234ae421e3bcba99a0da6d736074f22192ff,0xd43424102fce7b967b3b1f0fc52152da401e5510,5.0,,0x,0
153,0x2158802e31e1bc8bf6ea9a22b1754ffe61a68517dc303d35622a2365effcbf25,4998586,1517298424,0x0c7ba1b15a8c25b13a1de0072fd2e0eeec3ef535,0xd43424102fce7b967b3b1f0fc52152da401e5510,8.542678,,0x,0
154,0xcc504c1058d544d66d28757e34354c28a4c4b5fc6ad54f802ca01364bcb60862,4998797,1517301703,0x853e960a347b24143e2c7d317b5e356cc987a05c,0xd43424102fce7b967b3b1f0fc52152da401e5510,171.0,,0x,0
155,0xe47fc45b7872ad7557ff5e72b176a0e2f215c36cec73f5a8a25b372b9e908bf2,4998913,1517303438,0x61c34253043dd93c26b404ff458c39f7ea15236e,0xd43424102fce7b967b3b1f0fc52152da401e5510,17.08535,,0x,0
156,0xef60ef7932f5d38fa1e157578028c953df5be50e9540bae2c3bd264e1b49afda,4998946,1517303967,0xd2c5d59b68dc7e2ce2dd4460e6cd7d32e8b46fbe,0xd43424102fce7b967b3b1f0fc52152da401e5510,8.36502,,0x,0
157,0x4a7148e321517ffd1c07ebd2ecef6f8ed8220ae161088880cef8a2f9c6198bcf,4998984,1517304322,0xd2c5d59b68dc7e2ce2dd4460e6cd7d32e8b46fbe,0xd43424102fce7b967b3b1f0fc52152da401e5510,8.36502,,0x,0
158,0x05e5c9369ec9923039993170791d2a1b622febfaddec96ad9ab87765a2f59aba,4999209,1517307602,0xd2c5d59b68dc7e2ce2dd4460e6cd7d32e8b46fbe,0xd43424102fce7b967b3b1f0fc52152da401e5510,7663.2699600000005,,0x,0
159,0xf3d6c12af4e1b7162da2e08fe522980daae6f9f87f9c3252c96a8302e38e0a23,4999229,1517308033,0x26cd018553871f2e887986bc24c68a0ce622bb8f,0xd43424102fce7b967b3b1f0fc52152da401e5510,768.8410200000001,,0x,0
160,0x79f1b598523f17dbbf6b260d897ae8314e1e5fbfb11dcf63cb064a56ca8dfb86,4999236,1517308212,0x0297f81039cda72d9f5eb2ae194933084babd6a7,0xd43424102fce7b967b3b1f0fc52152da401e5510,40.0,,0x,0
161,0xd81221fb886dcdaf3229a13d16a08dc9e18359ac29ae56a834ac685b158cfdcb,4999477,1517311632,0xc6c7730cdd333f2d7495d99206d2b89fa4313558,0xd43424102fce7b967b3b1f0fc52152da401e5510,854.26278,,0x,0
162,0xefdedc0c35a50079358e230a7faae6f39d3ed09f274a42f799aff694b544e139,4999907,1517318234,0xc2ea2617123b4837ec31242dcab95145ca40b933,0xd43424102fce7b967b3b1f0fc52152da401e5510,854.26278,,0x,0
163,0xb5fafe7e856dfcc5a55a6f5d0c6e22803debe93d9555b275bc3f5c4c21527fcc,4999922,1517318486,0xfd48237d796dc59917310f5b8a9f120464018cc4,0xd43424102fce7b967b3b1f0fc52152da401e5510,85.42678,,0x,0
164,0xbd2e726d34c9617597cf3a618418bf3eea3996cb11fd2f0d87086d672376cb06,5000615,1517329074,0xd2c5d59b68dc7e2ce2dd4460e6cd7d32e8b46fbe,0xd43424102fce7b967b3b1f0fc52152da401e5510,6406.970850000001,,0x,0
165,0xb991987b0339ddacd78b32954de44c690a49fd584500548c7b3845893b00907c,5003090,1517364981,0xb06481dcb3e5d0261659acc689d8542483e24bba,0xd43424102fce7b967b3b1f0fc52152da401e5510,3000.0,,0x,0
166,0x61daafcc8fbf2e24db2b61a479cbf3b9da02810e19af03a0acbb17bd38d481be,5003145,1517365928,0xd43424102fce7b967b3b1f0fc52152da401e5510,0x33cc1c2364e87a987da97045b78c2ab4259f8b26,3000.0,,0x,0
167,0x21564750d3676d8d4774fcf44e64f0cac90840538c0ffc1ced4640838befda2c,5003271,1517367535,0xc6c7730cdd333f2d7495d99206d2b89fa4313558,0xd43424102fce7b967b3b1f0fc52152da401e5510,2562.7883399999996,,0x,0
168,0x4f77b4eb94044ef677d5c6bd7bea6ca1ecbb68369925bd8ae97c82b97e51258d,5003295,1517367920,0xee3f30afe4b2a1d2ff3d8dd3e652ae03615fe071,0xd43424102fce7b967b3b1f0fc52152da401e5510,4271.3139,,0x,0
169,0xe515b2fb2966061546a6321a6fd516a0c4065aa820177de9e6c822fe448c8330,5003295,1517367920,0x5cc996938283470b90f0e477078d808f5268659b,0xd43424102fce7b967b3b1f0fc52152da401e5510,256.28033999999997,,0x,0
170,0xe19823d18d248d12f30630944e93b8935d00d4f9246adf3f96faa0c9a6dc0085,5003306,1517368078,0xee3f30afe4b2a1d2ff3d8dd3e652ae03615fe071,0xd43424102fce7b967b3b1f0fc52152da401e5510,4271.3139,,0x,0
171,0xc05aab584dec665faba8358fe99b3f2f3462f6ba62abc05ab706e50263c64b63,5003363,1517368736,0xaccbedee63a057205cddf78119346d1f1c3aa47e,0xd43424102fce7b967b3b1f0fc52152da401e5510,1052.3,,0x,0
172,0xe8320e9d30e730b1ceff3bcd719280e13fc9dff43c48f8a7fd6105b19029ac61,5003429,1517369596,0xd49d34bb2152ad0af2d805db3020a7e87a924a1c,0xd43424102fce7b967b3b1f0fc52152da401e5510,86.0,,0x,0
173,0x2c1dee0449b7f648e2e47af826178f97504c4a9d3180e33459be2b2a8853686d,5003577,1517371774,0xd49d34bb2152ad0af2d805db3020a7e87a924a1c,0xd43424102fce7b967b3b1f0fc52152da401e5510,14.225532,,0x,0
174,0xaf9e1da4419f01aef75c1e86e4325d1b6ff66e855cf8bab64ed9ff3119e7c308,5003624,1517372426,0x3695ad9e307274d61c1b578177898c7a40035be9,0xd43424102fce7b967b3b1f0fc52152da401e5510,1793.9518400000002,,0x,0
175,0xcad368f4e113ea75d8886aabe4bbbbaedf46288194cc80b6d261b9cde5be2b00,5003677,1517373207,0x3695ad9e307274d61c1b578177898c7a40035be9,0xd43424102fce7b967b3b1f0fc52152da401e5510,85.42678,,0x,0
176,0xca8ee2a6f4c5918d922f0a324ecb9ecf091d3f7a12f1fd9a102a179683238a7c,5003784,1517374855,0x618fa40038adfcf27ec33a0d9f032f08a3deb9eb,0xd43424102fce7b967b3b1f0fc52152da401e5510,0.10882,,0x,0
177,0xd71f444dff1fd9089e332dc44c21da9246e0bbc911ff0a30985f1df9dd258fbe,5003785,1517374866,0x618fa40038adfcf27ec33a0d9f032f08a3deb9eb,0xd43424102fce7b967b3b1f0fc52152da401e5510,1623.0,,0x,0
178,0xf016a2474cded18db1d50f64857f766ceef702a22edce8378315428fb272e912,5004102,1517379651,0xd43424102fce7b967b3b1f0fc52152da401e5510,0x9b533ec2e4b645c9de73a5e326e1f977b63fe217,0.028,,0x,0
179,0x0bae3e6514a73eda90e5a73d0b76a910719b3e31c3720c14ee0ffe4b73b94357,5004222,1517381278,0xd43424102fce7b967b3b1f0fc52152da401e5510,0x9b533ec2e4b645c9de73a5e326e1f977b63fe217,20246.0,,0x,0
180,0x5fe045e5f330de7aad3e3d26a716c3ac61e62b8ea4438e4f889eca1120fad80d,5004668,1517387850,0x32541d7309d1293632fbe5b7d020d688634aa1d9,0xd43424102fce7b967b3b1f0fc52152da401e5510,85.42628,,0x,0
193,0x4ab84c110e84edf120c448bd1366b7952bcf0253081bed0614368cf3d2c4a4c6,5005111,1517394176,0xd43424102fce7b967b3b1f0fc52152da401e5510,0x8a6893c1d4af110e265858b679a534c5a70e1000,1.0,,0x,0
195,0xc509735a226fd28a0efc57da641d9207a4151cd4887051ce3a01c10b1991f368,5005160,1517394908,0xd43424102fce7b967b3b1f0fc52152da401e5510,0x454212006574cda64994c1ba158ddcd76db3508e,27.165556125,,0x,0
203,0x52ff8a6f8c13c7bcf9751817f1047f699a0acb69123b6ba18c5c54206aeae5b0,5005323,1517397046,0xd2c5d59b68dc7e2ce2dd4460e6cd7d32e8b46fbe,0xd43424102fce7b967b3b1f0fc52152da401e5510,8.3656853,,0x,0
207,0xe5d921684cb2b5e9ee152de6554999198cd8f851c0ab12f787057562d61b9645,5005611,1517401104,0xd43424102fce7b967b3b1f0fc52152da401e5510,0x618fa40038adfcf27ec33a0d9f032f08a3deb9eb,0.001,,0x,0
209,0xffaf87e373659c7e642f35df1c51e64a82fb1ec601d1c9be57412148e15c752e,5017919,1517584695,0xd43424102fce7b967b3b1f0fc52152da401e5510,0x6e364fcc9ea7364079382d6bbce7ad006ca050c3,1.0,,0x,0
210,0x8cc66d6d8788f523557d1bb7754a8aa0cce5753cd242495cd046adde55e9dc85,5017925,1517584802,0xd43424102fce7b967b3b1f0fc52152da401e5510,0x7a00f011f8a1e98803b017a7a9059bfc5d83a594,0.1,,0x,0
211,0xd55957a2b9bbf7a3ebae8c345ab8c6530a111be4aca89789a6db55d76e6d379a,5017929,1517584869,0xd43424102fce7b967b3b1f0fc52152da401e5510,0x7a00f011f8a1e98803b017a7a9059bfc5d83a594,0.1,,0x,0
212,0x25855af1a199077947d605c327688d71ed926b1d78f43f60a4d3d067b10aa3b4,5018197,1517588980,0xd43424102fce7b967b3b1f0fc52152da401e5510,0x6e364fcc9ea7364079382d6bbce7ad006ca050c3,12812.9416,,0x,0
213,0x612f5ce50c9a2cc5772a9797f8ce8f09b2884f25146fb4f177191ab6cba4b4e9,5022348,1517648744,0xd43424102fce7b967b3b1f0fc52152da401e5510,0x7a00f011f8a1e98803b017a7a9059bfc5d83a594,63.94,,0x,0
214,0x3fdbb1b60867c319fe4d21a73a68fb42ea75ab563f91142d7fb359000ac15115,5087827,1518597338,0x6267b02e20014980f1b9f76cd9530cddef695452,0xd43424102fce7b967b3b1f0fc52152da401e5510,229.184332,,0x,0
215,0xea3bc2b797a700411b77b093682566498280c63c71907dba21f4a80421973cb9,5087835,1518597497,0xd5e34109011745bede0de9155ff0e3c0218cc70e,0xd43424102fce7b967b3b1f0fc52152da401e5510,572.96083,,0x,0
216,0x908370d9ed0f80721cdafd72e0fcfed8a2f0143ac1b13b493cf323f0c9fdcb1c,5087900,1518598506,0x07f9a106eeecc5417ebe0307d3b32e15cb0f48a7,0xd43424102fce7b967b3b1f0fc52152da401e5510,1.0,,0x,0
217,0xaea6e3f98df174a3ad6b011b0d9f56d71b6ebc69f6bd0367edca01fa1e0b221f,5087938,1518599167,0x7d2a90693eb11e7453f8896e6bcd515fd88e185f,0xd43424102fce7b967b3b1f0fc52152da401e5510,114.592166,,0x,0
218,0xb6808df0fa56160f9c22f8493fdac290415af3bdeb76468bec92aca2740b32fa,5087973,1518599745,0x853e960a347b24143e2c7d317b5e356cc987a05c,0xd43424102fce7b967b3b1f0fc52152da401e5510,114.6,,0x,0
219,0x720b9bc5e91c3372116cb4f53687b5a55b765840fa6f38dd2a00a26e2c543ef1,5087999,1518600058,0x0d6a7999b5e7b11ee4a31343a7ce6896b5d1da69,0xd43424102fce7b967b3b1f0fc52152da401e5510,2291.84332,,0x,0
220,0x11173189cd1eb02a28aa29ffdab7ffdd1a60f75255a4364e316d3e43d1dcffca,5088027,1518600507,0x81ec8c10b3663abf7c32eec1d85aeb01de833d3c,0xd43424102fce7b967b3b1f0fc52152da401e5510,572.96083,,0x,0
221,0x1d6f4769fb7e77b550dd5e71f5cc0c215c33f31d53dbbb33d7171102bd1adb64,5088030,1518600535,0x07f9a106eeecc5417ebe0307d3b32e15cb0f48a7,0xd43424102fce7b967b3b1f0fc52152da401e5510,571.960837,,0x,0
222,0x1e90045b4833dbc56f0c58a574c8db32b55066b2ce330a4e9fd0bcb7f5a34829,5088061,1518601007,0x4e0c9cd4c3e484218f04983c15dc5e92c9fce729,0xd43424102fce7b967b3b1f0fc52152da401e5510,2291.84332,,0x,0
223,0x23f3d74234bdd1d23350e5b24e065e906960c359183cb9b70ecd791299a0b918,5088163,1518602388,0x8879b8afb42b59a0a34e8d892170d028ed4127ab,0xd43424102fce7b967b3b1f0fc52152da401e5510,1833.474656,,0x,0
224,0x160209f233b42b2fcc7124464f6b583c6d920db3052aa0dae244b42f331ca396,5088192,1518602984,0x8dce876edeb45f831fb9a3c9d7b9f1dc461478be,0xd43424102fce7b967b3b1f0fc52152da401e5510,229.184332,,0x,0
225,0x52bffdf123c54c9e8eabbed3df0f45b6c494f5e7e21b5fe27894f1b2a8f269dc,5088289,1518604443,0x74ca93e6640de5ff6777f2d794e1bed0181049d0,0xd43424102fce7b967b3b1f0fc52152da401e5510,572.960832,,0x,0
226,0x26cd2fe7eab9e84e3aa2f02c2787caa0f21f93ed23e191e3b9bac4dbeb26138f,5088377,1518605735,0x55aff19d3424d5086d4f8a2d1c0fc0f141c47bfc,0xd43424102fce7b967b3b1f0fc52152da401e5510,229.184332,,0x,0
227,0xf44ef1d789ce35a1ab209267f093e3c06858a50be776181b5efe8dbca571af37,5088414,1518606205,0xfd48237d796dc59917310f5b8a9f120464018cc4,0xd43424102fce7b967b3b1f0fc52152da401e5510,229.184332,,0x,0
228,0x676d524261abdda14ca56cefd6bb0c1d4a05fd9903ed8924246c7eda48b42555,5088439,1518606635,0xaf4148c0b11bdd3f006381e52fe6234b4b8d91bb,0xd43424102fce7b967b3b1f0fc52152da401e5510,1121.0,,0x,0
229,0xa3a21d59233b41d25369d4699ba37b2a1847d080d22efed408e40877f953ef16,5088468,1518607042,0x40b29290d55dbe3f209f46e46b45a335f251c569,0xd43424102fce7b967b3b1f0fc52152da401e5510,114.592166,,0x,0
230,0xcaf46fc1d8eddba0e300839c37b0d0cd8f48f9f235298ce405e317f5f54ac737,5088709,1518610497,0x79bcfc0e4700c40b55f73b8a46c6883a93b60349,0xd43424102fce7b967b3b1f0fc52152da401e5510,114.592166,,0x,0
231,0x7a4a8f2bb3f86d1c6b87fbb1fa57956784672ee2a4d2fe76be6c61874448717e,5088714,1518610623,0xf27c18cb6087d59fa823a60460ee04be631b9bcc,0xd43424102fce7b967b3b1f0fc52152da401e5510,114.592166,,0x,0
232,0xb633653d61f05d1a2cce6623713afab3ffe72b7bd3daa18fbaab4905291f4694,5088863,1518613046,0xd478f99f3b7a81b89279a09d0b09936585f4e250,0xd43424102fce7b967b3b1f0fc52152da401e5510,114.592166,,0x,0
233,0x0e08fe04be5ef60ad6d63cf278ddbb3b8fc4ab735d8bb4e4930c13a518234b51,5089008,1518615160,0xc9981ddb4888accd1ab93033f942a55ccab8f6ad,0xd43424102fce7b967b3b1f0fc52152da401e5510,458.37,,0x,0
234,0xc43f2a440afe668f7c71250c38b2e274a3d570880ce4d740b9f6294c9708d9ca,5089048,1518615879,0xf4852015c4d1a2ee03a0900b8c5dc56809ca96ba,0xd43424102fce7b967b3b1f0fc52152da401e5510,2291.84332,,0x,0
235,0xee9796093c36c0c602d878a28b4ff4c54a8baf6d86587665202d50e717097ade,5089103,1518616566,0x81ccbbd9891d5224e2ba18ee421edc3a0f915614,0xd43424102fce7b967b3b1f0fc52152da401e5510,114.592166,,0x,0
236,0xfa4586a0bd3169da6a902c84066432cb3ac98edd9a57b50fe8f66ee61b4b254f,5089150,1518617371,0x7c23bbf7c62fad50fec70daba712eda69b0a80ca,0xd43424102fce7b967b3b1f0fc52152da401e5510,114.592166,,0x,0
237,0xf8238b17fcbce491035d194b3bec8145ca6b9a5427022fa5d352eaf674e48db4,5089161,1518617535,0xf2be3e68559e30af52ddefe2477c39b62ce4543f,0xd43424102fce7b967b3b1f0fc52152da401e5510,114.592166,,0x,0
238,0xd2eb423c7d3ca0eb2cba8bb6f6a42a1c3693c3bc1c463aecfb17fad2d81b131c,5089434,1518621666,0x832cd5b8d8f54533e58709e55435e8f6c1513c83,0xd43424102fce7b967b3b1f0fc52152da401e5510,0.1,,0x,0
239,0xad60cdf50d3510e687037437589279234cced35c3757fd30d4cfb8601792a7f2,5089445,1518621805,0x832cd5b8d8f54533e58709e55435e8f6c1513c83,0xd43424102fce7b967b3b1f0fc52152da401e5510,572.86083,,0x,0
240,0xd2a67f2628e05b85f93b2fd51ecfdd988476942e4e3b18e548e5375e94ea058d,5089673,1518625193,0x3df9eba284d4adaa463d51894de37b3813b2979d,0xd43424102fce7b967b3b1f0fc52152da401e5510,1145.92166,,0x,0
241,0xba669cd5d47fa8fc5720f8447585677fe6a72ab49d5e3fd8584305bf1f253b9c,5089707,1518625732,0xda137ea073e43492c6e82ff03d0b472dec6fd6f0,0xd43424102fce7b967b3b1f0fc52152da401e5510,114.592166,,0x,0
242,0x278c171308a1f2dcd31a8a307ce6b446ba337c2429fdaaa96bc64c152add2194,5089836,1518627565,0x06d8c879c4f8f199f7bc6382bf533092786ae6e0,0xd43424102fce7b967b3b1f0fc52152da401e5510,114.592166,,0x,0
243,0xd2f2c337c1801eb82638c88eb0041d42d9d39903fae37132345f1d2018346a97,5089849,1518627829,0x35832098460d644b69b0e5b6c74739082b5c4351,0xd43424102fce7b967b3b1f0fc52152da401e5510,572.0,,0x,0
244,0x23e1d58e9220c4c3095400f42f26a40e9de9ea85aa13e37e49f94e9c7760d98e,5089876,1518628219,0x35832098460d644b69b0e5b6c74739082b5c4351,0xd43424102fce7b967b3b1f0fc52152da401e5510,229.184332,,0x,0
245,0x5808967a86a30cedf4ad7efbaa532bcaa5f3899a2bc5790007f2808d7555800b,5089891,1518628445,0xbab80288297c15305de0c23d82c493fd7903c918,0xd43424102fce7b967b3b1f0fc52152da401e5510,114.592166,,0x,0
246,0x12dfbee0a6dd05da7f27e9f10679a738436822a64fe6084132c935f942a8ed9a,5089895,1518628479,0x35832098460d644b69b0e5b6c74739082b5c4351,0xd43424102fce7b967b3b1f0fc52152da401e5510,0.96083,,0x,0
247,0x897336ff8389e1cc069e5ffe79fa6757172c643fbfff3a8f26be9c55a62a9601,5089912,1518628618,0xd66ce6126c4227b1208b1a7610017d6a5fd87c1c,0xd43424102fce7b967b3b1f0fc52152da401e5510,0.92166,,0x,0
248,0xf5c0804bdc251509128eeb84b3aba1524d8f3917c4559cb2ed3046c3cbf4b43d,5089922,1518628758,0xfa6c96b41c70b326e98c5e17ffa6ae86577ac292,0xd43424102fce7b967b3b1f0fc52152da401e5510,229.2,,0x,0
249,0x80bcaf3fd51377d46191d3c653e7ed04f47d0830d27d8e2f3288e9d33a10d37e,5089975,1518629438,0x547ab30d994a94df72938b8b7facd33357742c3c,0xd43424102fce7b967b3b1f0fc52152da401e5510,572.96083,,0x,0
250,0xea7b0e7106fa269c21730731b8967ce7aa82f5c6b6434917609e81872f7fe177,5090053,1518630623,0x74d5a5021778156011dbd002f725f0a619fcc8c0,0xd43424102fce7b967b3b1f0fc52152da401e5510,114.592166,,0x,0
251,0xf6e165cdb9f8fcd4adde0c0e9bffc685dbbcb8b62ac9bbdf91e22ef3ca967767,5090214,1518633032,0x393c2f62c94140a5b800892227a09790a7635623,0xd43424102fce7b967b3b1f0fc52152da401e5510,343.77649943849843,,0x,0
252,0x4e35fde1bfa15bf254c48d707fdb3b215b8af5fc7ba5c4ef2ace8453d8dbb38c,5090259,1518633815,0x20188881a2ff8e3b68c529f42812af76e6a43222,0xd43424102fce7b967b3b1f0fc52152da401e5510,2291.84332,,0x,0
253,0x38c9f168fa270b2452c178cef36b235eb2e864c3fc014130112237e26c02e3bf,5090345,1518635151,0x74b9aaf18e2b2a96d80a1dd44028c528130269ea,0xd43424102fce7b967b3b1f0fc52152da401e5510,687.552996,,0x,0
254,0x9635b778d0c2c20d53d73ee67c42c83b2bb1a157205111b5318880a8cc391d96,5091367,1518650260,0x55aff19d3424d5086d4f8a2d1c0fc0f141c47bfc,0xd43424102fce7b967b3b1f0fc52152da401e5510,229.184332,,0x,0
255,0x48c6e010d15d9d20a8fbc7b5fcbe4a5d6f71ef9e9c3f369568584ae87bb05825,5091496,1518652053,0x9da52b74702965635aee8322e0fc0def4675af29,0xd43424102fce7b967b3b1f0fc52152da401e5510,232.0,,0x,0
256,0x83c32aa58f926e63810fe919df36d18528701b6345ecf62b032b1810e68818ba,5091615,1518653802,0x8ec56c13fc0384c58ed9e382e5de1ba4171f5cb1,0xd43424102fce7b967b3b1f0fc52152da401e5510,229.184332,,0x,0
257,0xe5202576e668fbf6f6f74bb43e0cc1042ff9d2adb6ed1faca1e9fd61ba948839,5091683,1518655013,0xd2c5d59b68dc7e2ce2dd4460e6cd7d32e8b46fbe,0xd43424102fce7b967b3b1f0fc52152da401e5510,10000.0,,0x,0
258,0x10849f7ed7188ab0227b2f98ddc7f8ae3da9babc176fa49bbb7e555e256b754e,5091809,1518656961,0xb2b7218b94a1f027460cde55abd70cfa508e9393,0xd43424102fce7b967b3b1f0fc52152da401e5510,229.184332,,0x,0
259,0xa3d62447a9ce892fd448cb446696d1b2fbfa5aa092d85ab86d27f05f6dbd67bb,5091831,1518657262,0x6387c119b104ed1d0b5462ef5241f400ee7508ad,0xd43424102fce7b967b3b1f0fc52152da401e5510,572.96083,,0x,0
260,0xfb8f0e17ecdc91377dbb1afe39b4ad74207f8c4196f1ef3cfa09c8f084882e3e,5091996,1518659727,0xfbb1b73c4f0bda4f67dca266ce6ef42f520fbb98,0xd43424102fce7b967b3b1f0fc52152da401e5510,687.546996,,0x,0
261,0x2455b557b7d6f3c831c68f327f7dcf4f8dd011697abe19562ffcaffa7cd01727,5092136,1518661564,0x64ccd657ed9c0bec0cc83e4d0f8249d741a09008,0xd43424102fce7b967b3b1f0fc52152da401e5510,572.96083,,0x,0
262,0x924e5f62c2adc4913d0867be2d4cbc31427006b35acede22036dc321a7ad9552,5092140,1518661688,0x895778f0be59ef586e36d8c7ffe685fe49a9345e,0xd43424102fce7b967b3b1f0fc52152da401e5510,2177.251154,,0x,0
263,0x9ae0ab0dc224a47a23cec3cb56c85fe3745b6ed8e5f9db53c2139c0bdf3810da,5092142,1518661765,0xfd319b7588925a3b43dab168b5d34228c4d017e5,0xd43424102fce7b967b3b1f0fc52152da401e5510,114.592166,,0x,0
264,0x376beb1685e24994e28e7dc2096539abeb973d854edc4a05707104dce0775ee2,5092147,1518661888,0xdf2a6b4f0e61e6af2b9bac98744f44486fcf9458,0xd43424102fce7b967b3b1f0fc52152da401e5510,1.0,,0x,0
265,0x36e49cec77ce5ef42b991282363b207d9b7ac7d0765db94324a860c63f0fa314,5092147,1518661888,0x64ccd657ed9c0bec0cc83e4d0f8249d741a09008,0xd43424102fce7b967b3b1f0fc52152da401e5510,114.592166,,0x,0
266,0x8ebc60d77c73761e93c4acf61afe1f9433b616cd92eba556e49b0d0a6181cb37,5092203,1518662600,0xfbb1b73c4f0bda4f67dca266ce6ef42f520fbb98,0xd43424102fce7b967b3b1f0fc52152da401e5510,114.592166,,0x,0
267,0x88170a9c44f7d4aefa1c32e27d3ca6414025d7ccb83db5c1b025b820fef3f171,5092220,1518662905,0x0d595123e0139cf240b04e0959b75bbd9c2bf57e,0xd43424102fce7b967b3b1f0fc52152da401e5510,343.776498,,0x,0
268,0x5e5299191d1aa8d69179854f7b9d9304425941967f6e096ac804a962689b704a,5092220,1518662905,0xb01cb49fe0d6d6e47edf3a072d15dfe73155331c,0xd43424102fce7b967b3b1f0fc52152da401e5510,114.592166,,0x,0
269,0x9aecced792b5c6cf29987759aad003c45df3a1c77dd90e1ef070ba2425e8454e,5092278,1518663633,0x532f3502d92dd7a6105ea7aae94f8cbe09418395,0xd43424102fce7b967b3b1f0fc52152da401e5510,68.7552999,,0x,0
270,0x48c3d6d8fac9b873c91a96777b5786fb5514bb65705dca01ec7abdd3e619b6e3,5092318,1518664298,0xc6c7730cdd333f2d7495d99206d2b89fa4313558,0xd43424102fce7b967b3b1f0fc52152da401e5510,6875.52996,,0x,0
271,0x8b9409565903baced4821a774e46328abe98631c343732cc01ea8da202623913,5092368,1518664943,0x63e1133af8359663fe79b82c2fe90eacdb9c9063,0xd43424102fce7b967b3b1f0fc52152da401e5510,2291.84332,,0x,0
272,0x0cbfbab79ad7c899d7dc8de35c80846c6adae7b02755c7c6128e31fd3b4529e1,5092378,1518665083,0x23dd34b63ffe866870b9b15747b1f251d7bfaa9d,0xd43424102fce7b967b3b1f0fc52152da401e5510,229.184332,,0x,0
273,0x35e9880c9548736c2b82e2a1fbc0a2d93939cbcdf6701d1760ba9a6dd5c11d57,5092386,1518665172,0x454212006574cda64994c1ba158ddcd76db3508e,0xd43424102fce7b967b3b1f0fc52152da401e5510,343.776498,,0x,0
274,0xcc02035a3aff780d0fff44db06c04204543b43e71c2d5f3d2d791433fea4d715,5092391,1518665259,0x096f8bdb37778fb5941eb25a390fe45408e7dead,0xd43424102fce7b967b3b1f0fc52152da401e5510,800.0643,,0x,0
275,0xee7a0abe53c009b08c336e270c00dbe19f8f22ab4421393f858aa2cc2d25ee14,5092402,1518665437,0xf990ea53f3d2b23db39c6b37634035c146001f62,0xd43424102fce7b967b3b1f0fc52152da401e5510,0.1,,0x,0
276,0x21e31084993562ecb17f51a8668d9a751dd8c12170fea1a2adc6c5fc2c1acecc,5092492,1518666735,0xa915d3db151e073e9463899b2bf0a24626a0e6dd,0xd43424102fce7b967b3b1f0fc52152da401e5510,114.592166,,0x,0
277,0x44645e34fd514de432b0513985498dfae67afeaa7d1e4e61ef1680e5ab3a719b,5092516,1518667048,0x96c5336352ce854228770ad15c9952d2737c27ec,0xd43424102fce7b967b3b1f0fc52152da401e5510,126.051382,,0x,0
278,0x74ea3f52ce47067182dd2009a65e922eff23ee6c756baac2a24fd447d9f8a190,5092523,1518667123,0xd2c5d59b68dc7e2ce2dd4460e6cd7d32e8b46fbe,0xd43424102fce7b967b3b1f0fc52152da401e5510,3216.0,,0x,0
279,0x0d4c2168b1197e17317ca06d576a3e6753735fcfac47c3c110669c03dec157c7,5092546,1518667503,0xcfd509a24f188e0361a6f86813ada18508b7fcc9,0xd43424102fce7b967b3b1f0fc52152da401e5510,3208.5806479999997,,0x,0
280,0x0f8cbdbf550e3749d903c7e06d1cfe0211f1bf6514be734e72952cac4522ba73,5092548,1518667536,0x43784e591abc54d336326137a6cdf2ab3b8c9c43,0xd43424102fce7b967b3b1f0fc52152da401e5510,1507.0,,0x,0
281,0x24f427cbd9dfb6e3f4ea68bff8589af96419c9d5dbeee52640cbcc12d1a6c4ab,5092557,1518667638,0x331c717fdac9b86e99182f9acf58a14973218478,0xd43424102fce7b967b3b1f0fc52152da401e5510,0.92166,,0x,0
282,0xbd4d2763d41c3a5fa65fba41e72324399f4464ff4e83fd0364d3becfdd786195,5092602,1518668325,0x331c717fdac9b86e99182f9acf58a14973218478,0xd43424102fce7b967b3b1f0fc52152da401e5510,1145.0,,0x,0
283,0xa430c9c46fb2f21a181d461a25b65130f18d0b82ebcf870458e7c2a8213c278d,5092609,1518668545,0x2a144f10dcb42f91371f352128b862114184ab63,0xd43424102fce7b967b3b1f0fc52152da401e5510,343.776498,,0x,0
284,0x66631c09137e13b841eca7fb056b679eaef8993ead50b65b1165a76eeaf8c873,5092655,1518669188,0x3695ad9e307274d61c1b578177898c7a40035be9,0xd43424102fce7b967b3b1f0fc52152da401e5510,2864.80415,,0x,0
285,0xa43d08780fb3d458382a05d9751d85140f628e2c31d4a7d5bbc3ebf275b9afd0,5092708,1518669946,0xc4a51a75818f96f6ccadab9fbd965cf0d9586404,0xd43424102fce7b967b3b1f0fc52152da401e5510,2291.8433,,0x,0
286,0x67cab1e01de587b283b29f47208eb761967fdc88572c9623e098b34d5277c966,5092726,1518670193,0x867a9e35aaea48f2c0ae1faeb6694446f0fde58e,0xd43424102fce7b967b3b1f0fc52152da401e5510,1833.47466,,0x,0
287,0x154a3d8e27666fa59a6a8fbfa6c4699add96a7b903c33a564a32be46efffd26e,5092742,1518670477,0x06b6680939c3a52616c0867a19885a14383ccd05,0xd43424102fce7b967b3b1f0fc52152da401e5510,1145.92166,,0x,0
288,0x581f49150d89ea0a1c004b10df755316c00b0dfbd410ba96d2d4d09e525ce825,5092743,1518670506,0xee3f30afe4b2a1d2ff3d8dd3e652ae03615fe071,0xd43424102fce7b967b3b1f0fc52152da401e5510,6875.5298999999995,,0x,0
289,0x1f481beb8eadb5a60a79f44254628b9578528e5ecc382c5b1a49a28463c89747,5092747,1518670534,0xee3f30afe4b2a1d2ff3d8dd3e652ae03615fe071,0xd43424102fce7b967b3b1f0fc52152da401e5510,1604.2903000000001,,0x,0
290,0xa7d8dff0b6332b5b793ad15e9cc6676a6c5abae0d27f20d468cb1180091c56c2,5092770,1518670786,0x867a9e35aaea48f2c0ae1faeb6694446f0fde58e,0xd43424102fce7b967b3b1f0fc52152da401e5510,572.96083,,0x,0
291,0xdeb82a21a8180109a60e391cc5ad6d0a5c8a925e5dfb94d4e0006c45dc40977a,5092788,1518671031,0xcb7e765fca1bd843e840409df01ed14b6f60fcc4,0xd43424102fce7b967b3b1f0fc52152da401e5510,1723.42027013,,0x,0
292,0x33710767331fa399dae2d1603ac7c25a9db35971941dbb3984900def46afc24c,5092797,1518671141,0x618fa40038adfcf27ec33a0d9f032f08a3deb9eb,0xd43424102fce7b967b3b1f0fc52152da401e5510,1718.8899000000001,,0x,0
293,0xf2d9d661bdbd334ea46fd945cee0ee99479ff793b0fe6170c0abbcf132882d40,5092904,1518672523,0x519eb14798b3b845ad3a6365d75966180e8ddfab,0xd43424102fce7b967b3b1f0fc52152da401e5510,114.592166,,0x,0
294,0x4bf68862260726d9c0dd6e55f9e4266206cde4f1095c2583caa5acfe4cf78f3e,5092905,1518672527,0x519eb14798b3b845ad3a6365d75966180e8ddfab,0xd43424102fce7b967b3b1f0fc52152da401e5510,114.592166,,0x,0
295,0x80126450a8da3a09bc8739ca7533b1b4412eb6a74eff43ae7af184c3556e64fc,5093353,1518678832,0xfc76762afd0c7a782f06d87552327df370917443,0xd43424102fce7b967b3b1f0fc52152da401e5510,343.776498,,0x,0
296,0x233e930aec374e791185439d3202d15454f466901d835881fb2b361d8d0cfb21,5093468,1518680377,0xf990ea53f3d2b23db39c6b37634035c146001f62,0xd43424102fce7b967b3b1f0fc52152da401e5510,5729.5083,,0x,0
297,0x0e8134659171da6b49da07df83da5b3a81ef51d0e1847e0e5f287a603c2ad21a,5093586,1518682195,0xd66ce6126c4227b1208b1a7610017d6a5fd87c1c,0xd43424102fce7b967b3b1f0fc52152da401e5510,1145.0,,0x,0
298,0xe350d3748412391919cd9a79289d25dbceb19ccd5b54933d4498d5824d1738e9,5093618,1518682648,0xd43424102fce7b967b3b1f0fc52152da401e5510,0x55aff19d3424d5086d4f8a2d1c0fc0f141c47bfc,229.184332,,0x,0
299,0x4c74d3493d56abecea58bf0d72dd45ba24658f6201a7ff429b0d546251b53649,5093832,1518685780,0x06627cce7464826e261dc88b7daf6af768a7618c,0xd43424102fce7b967b3b1f0fc52152da401e5510,1145.92166,,0x,0
300,0x05070b0727237dac01e580c5fb93b6cf9b7a3c633a6b9cdeec1f482489fe9eef,5093930,1518687074,0xe3e1baf07260571f0642d48da3953ab0d6a2b102,0xd43424102fce7b967b3b1f0fc52152da401e5510,2914.3,,0x,0
301,0x847bb4608ce1594a73ba1e3aae39c08c9ee4909ea153ff23fb48df6330071746,5094935,1518702155,0xdf2a6b4f0e61e6af2b9bac98744f44486fcf9458,0xd43424102fce7b967b3b1f0fc52152da401e5510,571.96083,,0x,0
302,0xc7056ec269cd89de5cf986c870cc4e48790833bafd415d17210f5a5a884cf9bc,5095016,1518703353,0xd43424102fce7b967b3b1f0fc52152da401e5510,0x705339a9a9734ef06074db13224b896467bb38a4,0.0001,,0x,0
304,0xd993f8b3d17326421960d508b5171eabd3a374375b4141536efefa3f60dc2845,5095070,1518704182,0xd43424102fce7b967b3b1f0fc52152da401e5510,0x705339a9a9734ef06074db13224b896467bb38a4,12948.9148,,0x,0
305,0xac524751ce821146c58f6e916c0984c22a37e466aa76a15e668d918b12c37aed,5095144,1518705296,0xd43424102fce7b967b3b1f0fc52152da401e5510,0xfb7b7d4be805d1ab31f5a791e657d52a243c4480,1e-06,,0x,0
306,0x7e6fdd66a4b1a4f42d73aef8531e429043a065ee8cf70f2181568623d4661b6d,5095181,1518705749,0xd43424102fce7b967b3b1f0fc52152da401e5510,0xfb7b7d4be805d1ab31f5a791e657d52a243c4480,78542.79451,,0x,0
317,0xe10528e63b3e4f99d17007d92885f3e10a74fd540a166d998541e622f72d6333,5095456,1518709662,0xd43424102fce7b967b3b1f0fc52152da401e5510,0x4ac3c5606913dfef714d4fe56d69cfed3b67ec81,0.001,,0x,0
318,0xb1878820a91b9a8258e3cd41197a3a63eb22c6b24953e246c363edbf9a23dfe5,5095463,1518709811,0xd43424102fce7b967b3b1f0fc52152da401e5510,0xaf4148c0b11bdd3f006381e52fe6234b4b8d91bb,0.001,,0x,0
319,0x76f3941719b3eba7d36e6e2063e285d9509a3a9f3b6c7d1c689e74e9589fd497,5095466,1518709838,0xd43424102fce7b967b3b1f0fc52152da401e5510,0xaa5067b3bb1b8844cb666d6249d0f284b88d1b24,0.001,,0x,0
320,0xb7a5390006502dd0febf71be0936ddaa2b6cba1a652d890fb45e81eb196c8e2f,5095469,1518709887,0xd43424102fce7b967b3b1f0fc52152da401e5510,0xd3b4a3ae54e098b37d63a3b75d7f445ba08287fd,0.001,,0x,0
321,0xbf1bd7edccc52f689001132ba8c542ed82a1cb3935be7bea0289fa10368043cb,5095473,1518709952,0xd43424102fce7b967b3b1f0fc52152da401e5510,0xf0b7776a3a6af27eba650f2772a7795dbb0c55bf,0.001,,0x,0
322,0x092b96b35b65e92c8a9dccfcadf0f82f89dd85bad502d64cf28f5b503f12701a,5095493,1518710119,0xd43424102fce7b967b3b1f0fc52152da401e5510,0x9b6e0bbb12940d6906f92b96c07fed48cd46164c,0.001,,0x,0
329,0xf506c2804e04150a3b04c5db2d24d1e049bc333833377b303095f57e7ab29995,5111804,1518945088,0x4e0c9cd4c3e484218f04983c15dc5e92c9fce729,0xd43424102fce7b967b3b1f0fc52152da401e5510,531.186,,0x,0
330,0xfa2710946c2c5a177a64a301f2a364358420b9f129d37f69eb2712cf2f06ab72,5112186,1518950929,0xd5e34109011745bede0de9155ff0e3c0218cc70e,0xd43424102fce7b967b3b1f0fc52152da401e5510,1274.8464,,0x,0
331,0xd3b2e38c85b1cfab8608821551a381979f525efc5e55f8e0b120d32afd9d7eff,5112428,1518954131,0x2a144f10dcb42f91371f352128b862114184ab63,0xd43424102fce7b967b3b1f0fc52152da401e5510,212.4744,,0x,0
332,0xeda42695bab7a5bd684c0e00a6a3675879e2b752786371860f440187d3da146b,5112767,1518958909,0x35832098460d644b69b0e5b6c74739082b5c4351,0xd43424102fce7b967b3b1f0fc52152da401e5510,318.7116,,0x,0
333,0xafd58e59f47a5038bcd120a9dec858f511f50051d0615174c553ea1227460626,5112840,1518959882,0xc9981ddb4888accd1ab93033f942a55ccab8f6ad,0xd43424102fce7b967b3b1f0fc52152da401e5510,212.475,,0x,0
334,0xf063a1b4dac1198e28ab13c995f6e76550f33428ad5fd4cc2695ffcfc8d32f0d,5112861,1518960142,0x5b4539fdf545e2ca442cfd79be6566dfc551c08f,0xd43424102fce7b967b3b1f0fc52152da401e5510,106.2372,,0x,0
335,0x32dc38e33d2d62391d90fff09cff94aae4f1d4ed7c873f6aca771bc3cf1a8d6c,5113005,1518962470,0xcfd509a24f188e0361a6f86813ada18508b7fcc9,0xd43424102fce7b967b3b1f0fc52152da401e5510,1062.37186,,0x,0
336,0xe2cccf364b0ad7b453e20430f34cced33e77d05d1f3619f0fa00015c12e73ba7,5113180,1518964703,0x8ec56c13fc0384c58ed9e382e5de1ba4171f5cb1,0xd43424102fce7b967b3b1f0fc52152da401e5510,212.4744,,0x,0
337,0x388e5cd52db95b9e359cd1cfffa89eee422b767968b2511dfff0247583f1a95b,5113382,1518967980,0x6387c119b104ed1d0b5462ef5241f400ee7508ad,0xd43424102fce7b967b3b1f0fc52152da401e5510,531.186,,0x,0
338,0x18be01470c2567ea7999d4b03cd4b71f4de69f7059be85da85fa4ebf871f1ca5,5113406,1518968303,0x38e3dd888236736d7cf80993532bc7b4f561710c,0xd43424102fce7b967b3b1f0fc52152da401e5510,318.71157,,0x,0
339,0xcab27059184a623e3c0d6fc98199ea24b0ee77d90fa1a53ee49fd81b76294b0e,5113451,1518969003,0x393c2f62c94140a5b800892227a09790a7635623,0xd43424102fce7b967b3b1f0fc52152da401e5510,1062.37186,,0x,0
340,0xc535a91425806b79b173bcfc7bdb5bae0e561c6fbb28b82d08e8d5e68460350d,5114269,1518980824,0x20188881a2ff8e3b68c529f42812af76e6a43222,0xd43424102fce7b967b3b1f0fc52152da401e5510,531.186,,0x,0
341,0x6faf1d9e5b720738e9df91bb732a337fd7ce840386cc0fa70a8d9fe3bf0e9f01,5115033,1518991861,0xbade3cc282977b9330536b77d6473f18762bb35a,0xd43424102fce7b967b3b1f0fc52152da401e5510,106.2372,,0x,0
342,0x07a90a1560ed2ed4643712141b21b0d564d7565e7bdf41dcef23f72db786c00e,5115101,1518992900,0x832cd5b8d8f54533e58709e55435e8f6c1513c83,0xd43424102fce7b967b3b1f0fc52152da401e5510,0.1,,0x,0
343,0x5d468d947e0a2928ed66c0ecba2728b4605d43d5385bdee8b11f06d9932643a1,5115105,1518993001,0x832cd5b8d8f54533e58709e55435e8f6c1513c83,0xd43424102fce7b967b3b1f0fc52152da401e5510,106.1372,,0x,0
344,0xda5d0941929e625f1e142e176f349b11097aed4fd569d84f248b368bc9dc53ca,5115419,1518997302,0xe2e8ab98d2f5e52d0ac593afca8ad4785a6fb555,0xd43424102fce7b967b3b1f0fc52152da401e5510,106.2372,,0x,0
345,0x1429956d688cdbf28f07e330201c4055fc70436beb8a262daf41a62f15012f67,5115788,1519002791,0xee3f30afe4b2a1d2ff3d8dd3e652ae03615fe071,0xd43424102fce7b967b3b1f0fc52152da401e5510,1062.37186,,0x,0
346,0xa2a16698493625f56e0eff9f5569f7b1d5ed632d27c44a4c2efd00a480a45109,5115788,1519002791,0x74f65d16280c90c643ffcd46336b4f05af053d2a,0xd43424102fce7b967b3b1f0fc52152da401e5510,1381.0836,,0x,0
347,0x35f2c2b2363c98e1b657cdf143d67189ecf0565e8942b0dff9b75acace8f8656,5115865,1519003810,0x20ce7dde8148bad59bf0c0b5a62c5df210b82c4b,0xd43424102fce7b967b3b1f0fc52152da401e5510,212.4744,,0x,0
348,0xf42358c86bacbb8c874456cee2aa9bb3cfcf51653b1240935eaffa444d3a7762,5115930,1519004839,0xf260ea811e68a7477cd84e6440d3fd553bf4df89,0xd43424102fce7b967b3b1f0fc52152da401e5510,1062.37186,,0x,0
349,0x0a8e293cac0796d3024098ca291171d89e606d6242abadb327194d8057819d15,5116053,1519006493,0xff9a10da5cdf9858431da1535474355da16e1ba7,0xd43424102fce7b967b3b1f0fc52152da401e5510,212.4744,,0x,0
350,0xe875cb0420c1a127791e082d6afaacef81d3cd329542161aed7504047d4b51b0,5116121,1519007462,0x64ccd657ed9c0bec0cc83e4d0f8249d741a09008,0xd43424102fce7b967b3b1f0fc52152da401e5510,318.7116,,0x,0
358,0x1eda0470c1c8be90c390fbb38fbeaaa41d4dc0391b4b1bbb3b20e38bbc30f856,5116178,1519008362,0x0681d8db095565fe8a346fa0277bffde9c0edbbf,0xd43424102fce7b967b3b1f0fc52152da401e5510,212.4644,,0x,0
368,0x9b04e69128dac974e8bde958569db02cbcd62fec76f953f5b11002445af8ef73,5116216,1519008926,0x3695ad9e307274d61c1b578177898c7a40035be9,0xd43424102fce7b967b3b1f0fc52152da401e5510,1062.37186,,0x,0
371,0xfcd0a8c9c175e66c8db1725a5ab7ad825b9a6eb3ff17acd1f1f73e1f04045969,5116232,1519009212,0xfc76762afd0c7a782f06d87552327df370917443,0xd43424102fce7b967b3b1f0fc52152da401e5510,152.79649999999998,,0x,0
372,0x35576a1245d6578e823958bae4391a12ee965727b3a600c63853c5435563a72f,5116236,1519009267,0xc4a51a75818f96f6ccadab9fbd965cf0d9586404,0xd43424102fce7b967b3b1f0fc52152da401e5510,531.1859000000001,,0x,0
373,0x2fbb6bc85a175cc2be34bfe338ede5b3728cbfec3ac61caf42f87e72ae9c758d,5116244,1519009340,0xd2c5d59b68dc7e2ce2dd4460e6cd7d32e8b46fbe,0xd43424102fce7b967b3b1f0fc52152da401e5510,1.961812,,0x,0
374,0xba44d4de1f840356a080efe914d8d1ac2f1eec12d7c61dac8bd593686572dfee,5116254,1519009486,0xd2c5d59b68dc7e2ce2dd4460e6cd7d32e8b46fbe,0xd43424102fce7b967b3b1f0fc52152da401e5510,4460.0,,0x,0
375,0x9a51f5d07acbc83f69b17ccccb52fd33e31e4083fb832d0658676ac2e9614a1a,5116254,1519009486,0x06627cce7464826e261dc88b7daf6af768a7618c,0xd43424102fce7b967b3b1f0fc52152da401e5510,531.186,,0x,0
376,0xd67cd7df8e548072b4a000834b1785144765b1a15d6b1359d9aaa52ba15182fa,5116266,1519009692,0x74c4d949f7a9942de73b224fc0b8db9533816d28,0xd43424102fce7b967b3b1f0fc52152da401e5510,106.2372,,0x,0
379,0x453f4dfbe631ddeec53c2983efcae06731940b8897a49ca3349016726174fe72,5116287,1519009991,0xc6c7730cdd333f2d7495d99206d2b89fa4313558,0xd43424102fce7b967b3b1f0fc52152da401e5510,1381.0836,,0x,0
380,0xaef7a7e5b9c255a5358b9981361fa640ab4e43dd038a1fd5ceffc04343bef1d6,5116288,1519009996,0x0d595123e0139cf240b04e0959b75bbd9c2bf57e,0xd43424102fce7b967b3b1f0fc52152da401e5510,1827.2798400000001,,0x,0
385,0x618c5e19bad56325921e77d59150cbe6dbdd13f127849fa7a849c0cd13de5065,5116364,1519010980,0x2c37bdad5165dca53f0b6b9c939a3dd6baa0c337,0xd43424102fce7b967b3b1f0fc52152da401e5510,281.764,,0x,0
387,0xfbe864065e75116a5fb458a93233092f98444ab7023ab5b7451b3438be4662a0,5116395,1519011398,0x5efbb8a4f3a0bcb5e59dfec434aa787840239cd9,0xd43424102fce7b967b3b1f0fc52152da401e5510,1274.84626,,0x,0
388,0xf9c6e89025703c86ac5cb3d9b7f5da4ff52505c05c7f8f4b2c0556ee896511da,5116502,1519012750,0xfbc7e8ffac674dcad6a64dcab8f256b6d7165237,0xd43424102fce7b967b3b1f0fc52152da401e5510,531.186,,0x,0
390,0x8982ca5fc4981ad3f180e73951aa6e4fbd9cde0bf1d0660d0bc3b9b523b855b0,5116548,1519013482,0xfbb1b73c4f0bda4f67dca266ce6ef42f520fbb98,0xd43424102fce7b967b3b1f0fc52152da401e5510,531.186,,0x,0
391,0xa3101700432a3615f05d33e10dd78e2b7d26a4617490ccf9d4188146094c6d78,5116553,1519013561,0x617def05722c528b67929e02c66110362105f55c,0xd43424102fce7b967b3b1f0fc52152da401e5510,106.2372,,0x,0
392,0xdd0197d546d430ca523d4b742070a8aaf5450a664d5c10104178cc21f8f90d10,5116568,1519013812,0xe4412ccc48c8a6607e46957328e379953ce2df42,0xd43424102fce7b967b3b1f0fc52152da401e5510,106.2372,,0x,0
393,0xc220581405b9115ad8aaf09a05447ac207407c43ac8299ff2e29627b1a2e5b42,5116694,1519015681,0x511836d585bb1c933c02d69a6f36d6f05eeece5c,0xd43424102fce7b967b3b1f0fc52152da401e5510,948.32304603,,0x,0
394,0xe11c475e4e96054a3f2f2615ca9095e2953e2fb6eb7c3ed6b67b32e35f8d9a4b,5116726,1519016004,0xe3e1baf07260571f0642d48da3953ab0d6a2b102,0xd43424102fce7b967b3b1f0fc52152da401e5510,1000.0,,0x,0
395,0x38465a38087292c91d8aa1a1cb225c792667d02e8e65c8b991f62df1fa6822d9,5116729,1519016046,0x420a958db8620bdc560a2db3b4da9f68f20f6354,0xd43424102fce7b967b3b1f0fc52152da401e5510,424.9488,,0x,0
396,0x0fa2d1dae20534ea91991f1d7a401dfa82c961a012967a40acb54ea22cc9a969,5116757,1519016426,0x867a9e35aaea48f2c0ae1faeb6694446f0fde58e,0xd43424102fce7b967b3b1f0fc52152da401e5510,1168.609046,,0x,0
397,0x63655c1e4cc89ec8620b806256c959c72194637c0bc3fa9408a6ec75b3eef33f,5116763,1519016483,0x8a6893c1d4af110e265858b679a534c5a70e1000,0xd43424102fce7b967b3b1f0fc52152da401e5510,531.186,,0x,0
399,0x1208d4f23ed51fd07fdb24a113cb104c1ef1ef3741ecc97b168bfac58b9a7491,5116818,1519017425,0xe3e1baf07260571f0642d48da3953ab0d6a2b102,0xd43424102fce7b967b3b1f0fc52152da401e5510,62.37186,,0x,0
403,0x4e38f4e058de293c7e1fa95c0aed27819aaa8c9af4cbe423b953d026322d2267,5117308,1519024786,0x519eb14798b3b845ad3a6365d75966180e8ddfab,0xd43424102fce7b967b3b1f0fc52152da401e5510,106.2372,,0x,0
405,0xec70c37a753ebddb9f9a2c8e929931d2b34b1774d546f63f5781cc8a14cad48e,5117559,1519028277,0x74ca93e6640de5ff6777f2d794e1bed0181049d0,0xd43424102fce7b967b3b1f0fc52152da401e5510,159.35569999999998,,0x,0
406,0x9da76f992e2eefd2ed7f27f45931bb35c658771f566c5a4eea020e17cb117e83,5118006,1519034605,0x0681d8db095565fe8a346fa0277bffde9c0edbbf,0xd43424102fce7b967b3b1f0fc52152da401e5510,350.0,,0x,0
407,0x5d5ba30d8c75f83e5871e7aa9381bb4e5a0e36e23e3b58224ef82cf1d59611d9,5118027,1519035042,0xc6c7730cdd333f2d7495d99206d2b89fa4313558,0xd43424102fce7b967b3b1f0fc52152da401e5510,150.0,,0x,0
408,0x7838fbea7850f380dcb342fb99f117bb1f104bbd6deb03e8ab8714ff108dde42,5118108,1519036167,0xd66ce6126c4227b1208b1a7610017d6a5fd87c1c,0xd43424102fce7b967b3b1f0fc52152da401e5510,2.37186,,0x,0
409,0xfc67ce290277a0bf1bc0fd6b8c727d8357a16dbe415e34e135ed7530fac74a86,5118120,1519036372,0xd66ce6126c4227b1208b1a7610017d6a5fd87c1c,0xd43424102fce7b967b3b1f0fc52152da401e5510,1060.0,,0x,0
410,0x2a038230fe3940573215ec8d71c3ad7fd7fe5bfa3fc2b75febd84d46e4150b88,5118232,1519038008,0xd43424102fce7b967b3b1f0fc52152da401e5510,0x6ec6d74f313c6e7db635c6f4277e142a115ce2cb,0.0001,,0x,0
411,0x3c966fe746910e17938e9a79d2b5d1183e18a02e7cd73fed8be48da30d75ddbf,5118261,1519038425,0xd43424102fce7b967b3b1f0fc52152da401e5510,0x6ec6d74f313c6e7db635c6f4277e142a115ce2cb,30879.007899999997,,0x,0
412,0xece55264052286692d0e98637e39cf22f314658f2317df1f9b703b568d34af12,5118693,1519045116,0x047c3d040a00a0c60f7463af349723dcf1026713,0xd43424102fce7b967b3b1f0fc52152da401e5510,212.4744,,0x,0
413,0x95f633a0dc0703e3b5b412183eadbd1e12e2437d8acfa83c8043d00ff8a60e3d,5122709,1519104041,0xc6c7730cdd333f2d7495d99206d2b89fa4313558,0xd43424102fce7b967b3b1f0fc52152da401e5510,350.5827109605,,0x,0
414,0x50a14b0a6ac0202cc225a0fadd1638bd7bbc841956916d654b5479a6a4dad4c3,5123087,1519109715,0x420a958db8620bdc560a2db3b4da9f68f20f6354,0xd43424102fce7b967b3b1f0fc52152da401e5510,106.2372,,0x,0
430,0xc553244cf45eab7ed93e73c624181fc3013dd9125e7e3176493a98cffc39eb87,5129008,1519198416,0xd43424102fce7b967b3b1f0fc52152da401e5510,0xd66ce6126c4227b1208b1a7610017d6a5fd87c1c,173.1634,,0x,0
443,0x5fcbf95e44b1f9777555c18bd0874ae71629875957a829e5db21b6c15c17968c,5165749,1519740268,0xd43424102fce7b967b3b1f0fc52152da401e5510,0xd66ce6126c4227b1208b1a7610017d6a5fd87c1c,731.1157000000001,,0x,0
444,0x0109fcbdba794bf7a3000ccbfd997ae03ce36a16bef366dd462b1c8134273c7e,5165843,1519741626,0x81ec8c10b3663abf7c32eec1d85aeb01de833d3c,0xd43424102fce7b967b3b1f0fc52152da401e5510,113.663488,,0x,0
445,0x7395211936e76d91fb1cc124268a2aa1faf5b3fb906df5e75e3a7f70ee1ce909,5166060,1519744561,0xd4fc8df9a77b72f583b1f853fc8f140690a968a0,0xd43424102fce7b967b3b1f0fc52152da401e5510,113.663488,,0x,0
446,0xefa8191082db209c83c77dac08c096e70c339e668c3aeccdc1e29d19673866e7,5166166,1519745930,0x20188881a2ff8e3b68c529f42812af76e6a43222,0xd43424102fce7b967b3b1f0fc52152da401e5510,340.990464,,0x,0
447,0xdebfc15485b39cf6bb788682ebc5e6c9237b104f477a3bf724048edfbe4b5911,5166790,1519755027,0x5926139bf48b85b647aedd9fa7c10d71fa1cdca8,0xd43424102fce7b967b3b1f0fc52152da401e5510,113.663488,,0x,0
448,0x0df88a585c1f411433672895e087dc2df3e1396073011a3a04b0ddc1b7283844,5168004,1519772753,0x9a3e1788db49449f923fe45ffb9279bbc68c67ed,0xd43424102fce7b967b3b1f0fc52152da401e5510,568.31744,,0x,0
449,0x06f70199d1413475a51ce143c915f69b1cb443b7b26c05b8048fcb41e02e700e,5168490,1519779769,0x3695ad9e307274d61c1b578177898c7a40035be9,0xd43424102fce7b967b3b1f0fc52152da401e5510,227.326976,,0x,0
450,0x21d39261c1211fe3fb32ce4469071f0bab962e3d28713c5f8d1503606322476e,5168555,1519780746,0x3695ad9e307274d61c1b578177898c7a40035be9,0xd43424102fce7b967b3b1f0fc52152da401e5510,227.326976,,0x,0
451,0x814e629560861b540c27da52d68f26aacc486657a1f1d364f6cd83c8dc9eaffe,5168628,1519781743,0x12428838d87cc127e6172c85e295cf2afd8ab953,0xd43424102fce7b967b3b1f0fc52152da401e5510,227.326976,,0x,0
452,0xcdd8d7d77353811f245c681362793d97a322a61e7ec0dedec0b4092c75b1af02,5168636,1519781905,0xcb7e765fca1bd843e840409df01ed14b6f60fcc4,0xd43424102fce7b967b3b1f0fc52152da401e5510,109.16356,,0x,0
453,0x07eea503db8090ed5c088b3b6cf211b9e6cb5d6c5bc0f3740115e759d1f25359,5168789,1519784176,0xcb7e765fca1bd843e840409df01ed14b6f60fcc4,0xd43424102fce7b967b3b1f0fc52152da401e5510,113.663488,,0x,0
454,0xe2d81d000b6af90007d63ca52860096a611a45c79cdb5e8b44f0ad377da155d6,5168825,1519784680,0x3695ad9e307274d61c1b578177898c7a40035be9,0xd43424102fce7b967b3b1f0fc52152da401e5510,113.663488,,0x,0
455,0xc3b3fb2d2cc7d8c8d1b3fe39d573ae111e1c821a48ac0eefc72a63a1dfdf103c,5168826,1519784686,0x0df05bf7c159b133b82a0e856f0b0a89a73da199,0xd43424102fce7b967b3b1f0fc52152da401e5510,113.663488,,0x,0
456,0x3baf763c14c04f9059160a005486b305a0d9e8b6a3638dad43bdc3c580668120,5168963,1519786650,0x74ca93e6640de5ff6777f2d794e1bed0181049d0,0xd43424102fce7b967b3b1f0fc52152da401e5510,1136.63488,,0x,0
457,0xb029eacab43d6a564cad590c63d588f163dfacc9dfd0eeedc9886ac0c2c3df9e,5168977,1519786814,0x74ca93e6640de5ff6777f2d794e1bed0181049d0,0xd43424102fce7b967b3b1f0fc52152da401e5510,568.31744,,0x,0
458,0x7717d9c3152f61e89bc3915dcffb99a5151ce95e82beaa545b930682309add63,5169012,1519787341,0x0d595123e0139cf240b04e0959b75bbd9c2bf57e,0xd43424102fce7b967b3b1f0fc52152da401e5510,1704.95232,,0x,0
459,0x3bb1fea414b30f845eb07a3044c49a5d40ca8f4886da8db007ec8ad43225ad90,5169324,1519791915,0x63e1133af8359663fe79b82c2fe90eacdb9c9063,0xd43424102fce7b967b3b1f0fc52152da401e5510,113.663488,,0x,0
460,0x10fc5d4f37ad87c7b8fe988fcc4c2f64ebb2c3bcb5037d4a3e0e7310b6b09683,5169392,1519792878,0x23dd34b63ffe866870b9b15747b1f251d7bfaa9d,0xd43424102fce7b967b3b1f0fc52152da401e5510,340.990464,,0x,0
461,0xf779247420d6c735ada41ff2500b9217e5ad4bed5ae013dfcba7c741372970df,5169447,1519793533,0x01f60175f14d40c8e7d4ed67e52e4aef4631c0c7,0xd43424102fce7b967b3b1f0fc52152da401e5510,568.317439,,0x,0
462,0xa5eb61d42dde64e32667469dfc7ce70f7b7762c3540dd12524c9cdc34b0b9c5a,5169638,1519796164,0xdf2a6b4f0e61e6af2b9bac98744f44486fcf9458,0xd43424102fce7b967b3b1f0fc52152da401e5510,0.01,,0x,0
463,0x87b54a8c9cb20fa7a7be3bb8e04f42cb4be2f49aebb08a38b3c49f32e88c6605,5169948,1519800331,0x96c5336352ce854228770ad15c9952d2737c27ec,0xd43424102fce7b967b3b1f0fc52152da401e5510,170.49524,,0x,0
464,0x3e1ba92e89442e50594c611dcc071b828caabb3971404792f3db17fbb40a96ea,5170051,1519801986,0x895778f0be59ef586e36d8c7ffe685fe49a9345e,0xd43424102fce7b967b3b1f0fc52152da401e5510,125.029837,,0x,0
465,0xff68480eea71ce83eaac8a4ce8d9b05abb65aa384a47bde930bd35ce33f0ab62,5170071,1519802298,0x74b9aaf18e2b2a96d80a1dd44028c528130269ea,0xd43424102fce7b967b3b1f0fc52152da401e5510,113.663488,,0x,0
466,0x0f4a75dfbdb638453c41f8c72dcc77efa3f96c07881a90e5c3bdfa3cacaa6e3e,5170109,1519802880,0xdf2a6b4f0e61e6af2b9bac98744f44486fcf9458,0xd43424102fce7b967b3b1f0fc52152da401e5510,113.653488,,0x,0
467,0xfeac4b291540eaae2093e39cd4f805a8af85dd3e8e4cc2748ac244b105076c3c,5170214,1519804462,0xbea8c27170c17259f31f23ad9772063c5f5ed889,0xd43424102fce7b967b3b1f0fc52152da401e5510,3409.90464,,0x,0
468,0x48346beb33d18107a846271115f0484395b6ac57bacfa9b0b2532d692d7957c7,5170304,1519805730,0xe0cbd7e37cd12978bf29ae0992bab123441db434,0xd43424102fce7b967b3b1f0fc52152da401e5510,340.99100000000004,,0x,0
469,0x32ce35e8c0e8dd21ec10c14a7e440bcd64dff2479858ea9887b49bae8f0e80bc,5170444,1519807920,0xb01cb49fe0d6d6e47edf3a072d15dfe73155331c,0xd43424102fce7b967b3b1f0fc52152da401e5510,106.2372,,0x,0
470,0x3f287c1e6000b376c31c1759f3d709b086dfb403c8b912053a02585639cc47b0,5170657,1519811227,0xc2ea2617123b4837ec31242dcab95145ca40b933,0xd43424102fce7b967b3b1f0fc52152da401e5510,340.99046000000004,,0x,0
471,0x31258732e398e3407b55268c5936f243771e31c8cc65536d3021b9f5c45fac4f,5170811,1519813680,0x547ab30d994a94df72938b8b7facd33357742c3c,0xd43424102fce7b967b3b1f0fc52152da401e5510,4546.53952,,0x,0
472,0x9565e9da4fae3e634495ed4fe77a755a246d103ad01c21504ab5ecce625617b0,5170901,1519815020,0x547ab30d994a94df72938b8b7facd33357742c3c,0xd43424102fce7b967b3b1f0fc52152da401e5510,340.990464,,0x,0
473,0xcc08b10c04d5e74b1f6b2512a17b7b784d28715c1bafca6eb94edbee976aa92b,5170928,1519815370,0x547ab30d994a94df72938b8b7facd33357742c3c,0xd43424102fce7b967b3b1f0fc52152da401e5510,681.980928,,0x,0
474,0x5201d2f74d408ab5840f4ca265edb06fa7517e7e81d908508d8e16085a693858,5171094,1519817848,0x547ab30d994a94df72938b8b7facd33357742c3c,0xd43424102fce7b967b3b1f0fc52152da401e5510,1136.63488,,0x,0
475,0xe4cf0a85509d935aaaaf59f9e194ac47e3dc35f77af208fc6394e96bd09e639a,5171182,1519818957,0x19d74054e2f9bb168648e15f20be1c6cc7b2df51,0xd43424102fce7b967b3b1f0fc52152da401e5510,113.663488,,0x,0
476,0xba1d369fe647b6e5482825fa53f861a4e7d6740f1c440db4ebd50473ee264aef,5171348,1519821412,0x35832098460d644b69b0e5b6c74739082b5c4351,0xd43424102fce7b967b3b1f0fc52152da401e5510,113.663488,,0x,0
477,0x4bcdc5c7ad4a66fe7939861102ca8584865110aa1fa15588e1faedc64c2b08ec,5171354,1519821483,0x547ab30d994a94df72938b8b7facd33357742c3c,0xd43424102fce7b967b3b1f0fc52152da401e5510,2273.26976,,0x,0
478,0x551d4b8d0c47d28cc82f5e953a9885cb5164f64dba352776db558e2e9928afb8,5171489,1519823529,0x33cc1c2364e87a987da97045b78c2ab4259f8b26,0xd43424102fce7b967b3b1f0fc52152da401e5510,1000.0,,0x,0
479,0x97febd458da11abab94fc0251f8f57169ca2c8ae6c87a6a4d4d0c8f788e20951,5171608,1519825353,0xd43424102fce7b967b3b1f0fc52152da401e5510,0x705339a9a9734ef06074db13224b896467bb38a4,0.001,,0x,0
480,0xb6c38960e14f22c190e9acb6963c792179843459f2da87fca2acc6df4b9dd928,5171615,1519825435,0xcfd509a24f188e0361a6f86813ada18508b7fcc9,0xd43424102fce7b967b3b1f0fc52152da401e5510,2386.933248,,0x,0
481,0x8666906d18021293a73ff9e2d6dfa5b48e57a8e03625b16725d0ddc62e36c8f2,5171623,1519825665,0xd43424102fce7b967b3b1f0fc52152da401e5510,0x705339a9a9734ef06074db13224b896467bb38a4,11366.35,,0x,0
482,0xf161591a5755d84bd1406793513c7f289beee09f6e0404a8508afa3905d55ac6,5171628,1519825733,0xd43424102fce7b967b3b1f0fc52152da401e5510,0xfb7b7d4be805d1ab31f5a791e657d52a243c4480,0.001,,0x,0
483,0x3a6faf270488191303d840decd79c19b591f928190945d43be962cd2b7ac4d48,5171691,1519826604,0xbea8c27170c17259f31f23ad9772063c5f5ed889,0xd43424102fce7b967b3b1f0fc52152da401e5510,340.990464,,0x,0
484,0x98d101d647494ba7f3c20df8496b244c399491df46044332bf139259d6a4fbca,5171790,1519828080,0xd43424102fce7b967b3b1f0fc52152da401e5510,0xfb7b7d4be805d1ab31f5a791e657d52a243c4480,7213.132100000001,,0x,0
485,0x78cc157e17bcf2e44b3001ceb395b9cd70b6947dc7b34ad18293e1f5ce98439f,5171802,1519828252,0xd43424102fce7b967b3b1f0fc52152da401e5510,0xfb7b7d4be805d1ab31f5a791e657d52a243c4480,4785.232845,,0x,0
486,0x2106072367160275af1fd670f9b868f95823801ca9894b016e5eb46129649c97,5171943,1519830310,0xd43424102fce7b967b3b1f0fc52152da401e5510,0x519eb14798b3b845ad3a6365d75966180e8ddfab,0.0001,,0x,0
487,0x074cf6ad8cd6d416c9bfac1a0746c22df6aab2aa1eb6c05a52169ffbeeeca275,5175026,1519875298,0xd43424102fce7b967b3b1f0fc52152da401e5510,0x618fa40038adfcf27ec33a0d9f032f08a3deb9eb,613.9350000000001,,0x,0
488,0x7e2be795fcec66da0b8f615ad8b154f94e12f601dba63810a77f95832be58033,5181290,1519967937,0xd43424102fce7b967b3b1f0fc52152da401e5510,0x519eb14798b3b845ad3a6365d75966180e8ddfab,106.2372,,0x,0
490,0x63f814fa8bd7e3aa2e69e7964676182600ee0fd0ee3e26718a9c99062c508b98,5230602,1520690254,0xb06481dcb3e5d0261659acc689d8542483e24bba,0xd43424102fce7b967b3b1f0fc52152da401e5510,1000.0,,0x,0
491,0xcd9f58765f6ba188678701c5a4bd4b8cfe319b1b0e6baf87ee18e3da1e72f237,5230623,1520690518,0xd43424102fce7b967b3b1f0fc52152da401e5510,0x33cc1c2364e87a987da97045b78c2ab4259f8b26,500.0,,0x,0
492,0xd0d8035d662981bdd682523afa32107d113d65e09eaf43b31218a70cf11729b5,5230915,1520694484,0xd2c5d59b68dc7e2ce2dd4460e6cd7d32e8b46fbe,0xd43424102fce7b967b3b1f0fc52152da401e5510,279.43905,,0x,0
493,0xc3713ff63cfd46c47ec89abc943dd61de86667c1e37abf3df5136ae615396455,5235814,1520766795,0xb01cb49fe0d6d6e47edf3a072d15dfe73155331c,0xd43424102fce7b967b3b1f0fc52152da401e5510,1.0,,0x,0
494,0x70b5bac7e1a2223b1c7a4449725a69d0c55a2a9359330dc999a7307821afc758,5237459,1520790729,0xfbb1b73c4f0bda4f67dca266ce6ef42f520fbb98,0xd43424102fce7b967b3b1f0fc52152da401e5510,475.73175,,0x,0
495,0x6bfc0c2ff0be7578b70caf9b010ef22ab0d1c1de38aee0f4d1ace43501ed405a,5241577,1520850772,0xb06481dcb3e5d0261659acc689d8542483e24bba,0xd43424102fce7b967b3b1f0fc52152da401e5510,1400.0,,0x,0
496,0x086db95ccad642d787d13539a5445ee6b798380cf863793a0d676623a7002948,5242779,1520868671,0xd43424102fce7b967b3b1f0fc52152da401e5510,0x618fa40038adfcf27ec33a0d9f032f08a3deb9eb,440.055,,0x,0
497,0xcc083e9318151fc58aab79b7bfff5dac5581ce8067fb226e5c77de608746087c,5242795,1520868879,0xd43424102fce7b967b3b1f0fc52152da401e5510,0x618fa40038adfcf27ec33a0d9f032f08a3deb9eb,264.1,,0x,0
498,0x9f3a053ee9be98c92b1e63c206f1f610da7d1ec272e54feecc604cae1637f1c4,5245168,1520903890,0xd43424102fce7b967b3b1f0fc52152da401e5510,0x618fa40038adfcf27ec33a0d9f032f08a3deb9eb,1368.0,,0x,0
499,0xb4e6844313ba8ba68d5a94cb0e2196f8779b63680c6b24b2ccfd8b3b9c0f4dbb,5245974,1520915338,0xb01cb49fe0d6d6e47edf3a072d15dfe73155331c,0xd43424102fce7b967b3b1f0fc52152da401e5510,278.43905,,0x,0
500,0xd930de34a9fdcdaae5f3e272d14ca8abb4ec039b1a65fd159f965347b092d2f0,5247891,1520943849,0x4f7da16b97c1bfd8590f83c135502a6e2d64f9bf,0xd43424102fce7b967b3b1f0fc52152da401e5510,1.0,,0x,0
501,0x97e0eb0fb6d24006ec4211eee0571fe3f9601b020b17cda893bdf5547586f807,5257776,1521089676,0x620a3e5cddd2748e111a11810757f419d10b1aac,0xd43424102fce7b967b3b1f0fc52152da401e5510,20.0,,0x,0
502,0xbcd8af23c95e2ef068b66527e42f30a03120ce6028ceecadef414746feb96776,5264534,1521188959,0x48a7ab580ed9f188a48ba3c0f287c486795988a9,0xd43424102fce7b967b3b1f0fc52152da401e5510,279.43905,,0x,0
503,0x19f5994fd7f39a79059dc2ddfc9a7201ef74d20e98033f3bd4e1b0fc93ad2bd4,5286650,1521511729,0xee3f30afe4b2a1d2ff3d8dd3e652ae03615fe071,0xd43424102fce7b967b3b1f0fc52152da401e5510,1500.0,,0x,0
504,0xfd5edd2187d91607a026318c8b99922ba25c63332febe5727db6d1395d165739,5286908,1521515442,0x0083a5f9b2e11ad086743ba9f23c1a294bb368e1,0xd43424102fce7b967b3b1f0fc52152da401e5510,936.0,,0x,0
505,0xafa6fc1a74d0ab17d3e072ee74ea3946be03b5b4f8b18e77712045473225341d,5286949,1521516064,0x63e1133af8359663fe79b82c2fe90eacdb9c9063,0xd43424102fce7b967b3b1f0fc52152da401e5510,374.3495676,,0x,0
506,0xd3170718f1e54d112f4efe7714e09bf8af915ac3d9b6e6def3b1f495b252bbfd,5287108,1521518369,0x923d79cb468f849cb0702950dbbbd1185f639768,0xd43424102fce7b967b3b1f0fc52152da401e5510,1379.108278,,0x,0
507,0xe983e7a7848171a87121c9aa8fff74159125034a3019f5e1fca1331531ee17b9,5287119,1521518530,0x3695ad9e307274d61c1b578177898c7a40035be9,0xd43424102fce7b967b3b1f0fc52152da401e5510,374.348,,0x,0
508,0x43e16406641a2f404993d6a350adbc77d58be67f75d703c583274b4f2fcbc87d,5287445,1521523095,0xfbb1b73c4f0bda4f67dca266ce6ef42f520fbb98,0xd43424102fce7b967b3b1f0fc52152da401e5510,349.994,,0x,0
509,0xfd0bc2fe159353b2e888b46d639dde0c135025fe24b3836e43bc3b98f23e1072,5287598,1521525396,0xa60dc838cf7eab3798d01acce1dfecffcc82ffa3,0xd43424102fce7b967b3b1f0fc52152da401e5510,23.1,,0x,0
510,0x6546842f07c39ebec375a7809d909df63e28f94971145f6b8d85124f5a0af81e,5287713,1521527027,0xa52058e9e6afc9b68ecd6fa7cef02846425a7a51,0xd43424102fce7b967b3b1f0fc52152da401e5510,840.37624,,0x,0
511,0x0ce70d1468aa6af6717f7d9e0a14137ffac63978d70495ca3bfd1d0e5cf335ad,5287716,1521527052,0x619a15197423ca837f8e02c5c1aa06b319d655c6,0xd43424102fce7b967b3b1f0fc52152da401e5510,576.0,,0x,0
512,0x84b4194df108455b882521e477ddf9b6c6e37fcc1556e4e95e389135b9a056d1,5288048,1521531914,0xbea8c27170c17259f31f23ad9772063c5f5ed889,0xd43424102fce7b967b3b1f0fc52152da401e5510,561.524349,,0x,0
513,0x69bdc845bc2a83d318a3d2499b6f890a8a82c954bd7125acc2c4c525854da9e0,5288114,1521532939,0x0df05bf7c159b133b82a0e856f0b0a89a73da199,0xd43424102fce7b967b3b1f0fc52152da401e5510,177.0,,0x,0
514,0xd2976203fbca44835477ac6692d531c4f309b41705451ab856b9e996e40e3ad1,5288219,1521534328,0x7fdc559f57452f67bba9e92f9f0d1d6a23d92f9f,0xd43424102fce7b967b3b1f0fc52152da401e5510,331.63,,0x,0
515,0xea6ad43afacc8f4b005601a8deb60a5956668404c57c6b13bb620b0b874dd80c,5288549,1521539212,0x6db26e4d25db8e0eb0fa4a536f7c50c0580a1298,0xd43424102fce7b967b3b1f0fc52152da401e5510,170.0,,0x,0
516,0x81ec4d9e360458c1a2b562d8498ee5dd99affe4b412f45ff049bab2756a8a2e5,5288762,1521542501,0x94b2aaf909431120d766daf309dd9b0eb4ce18c5,0xd43424102fce7b967b3b1f0fc52152da401e5510,1.0,,0x,0
517,0x88f15df478168b7a323fc73ce1bc5dd5551f5c8a10c82a01f4891711c5dd84b1,5288769,1521542591,0x94b2aaf909431120d766daf309dd9b0eb4ce18c5,0xd43424102fce7b967b3b1f0fc52152da401e5510,415.32,,0x,0
518,0x3e93ed45aeceb11812c853b019fcda54b8a4285e0f59be0686550606808fa250,5288771,1521542643,0x5b408d6dafa17da20c1aef91b91a2d5d5a24ed93,0xd43424102fce7b967b3b1f0fc52152da401e5510,265.5,,0x,0
519,0x38c7108961b74c0d33d48dd313d9fd96b29ebd9a97bcec6c51eb80f0e81b2e64,5288815,1521543262,0xd43424102fce7b967b3b1f0fc52152da401e5510,0x79a6a8fbd17a6cb55db99d8440a050673d6860bb,0.001,,0x,0
520,0xa15adafd85af94bae9c0279d41e65e1bf29cf56e6e352d11307c4007cfc6e3e5,5288824,1521543388,0x4ab5fbb6da6aa20c1951a742b501d5942e66d0ef,0xd43424102fce7b967b3b1f0fc52152da401e5510,187.17478381,,0x,0
521,0xf42031bf4f57f9dab29047057e9a8eb1b13f1d7a188627aea280f21a0ff66d42,5288923,1521545000,0x4ab5fbb6da6aa20c1951a742b501d5942e66d0ef,0xd43424102fce7b967b3b1f0fc52152da401e5510,187.17478381,,0x,0
523,0x399ca41fc7e2979b85d1156ddaa73f10835e1abd14cadb449540f5e605ce1af5,5289051,1521546882,0xfbb1b73c4f0bda4f67dca266ce6ef42f520fbb98,0xd43424102fce7b967b3b1f0fc52152da401e5510,331.0,,0x,0
524,0x8ab341affff3296846b9896a2d8d4c5ba800b1108cfd17404d0aeb84b919ae31,5289173,1521548686,0x564286362092d8e7936f0549571a803b203aaced,0xd43424102fce7b967b3b1f0fc52152da401e5510,10.0,,0x,0
525,0xb6877927eedc6f66db0a54a86f55146efe2b1f7645c900943566784219f8efe4,5289321,1521550898,0x393c2f62c94140a5b800892227a09790a7635623,0xd43424102fce7b967b3b1f0fc52152da401e5510,126.0,,0x,0
526,0x6209fdaa7c767e2aa8eb1d2da628de1249db5dd834073dd105c8c0382c640f11,5289515,1521553962,0xd43424102fce7b967b3b1f0fc52152da401e5510,0x79a6a8fbd17a6cb55db99d8440a050673d6860bb,8969.71905222,,0x,0
527,0xb6589bb4907fabb22dd5ce24e20ae61191565e74662aa12c1187ef9a7e75a5a6,5292923,1521602643,0xb01cb49fe0d6d6e47edf3a072d15dfe73155331c,0xd43424102fce7b967b3b1f0fc52152da401e5510,187.18,,0x,0
529,0x5462591c8ff3b878249f6a37d05034517abb251ff734c4619274d7ef9785ffcd,5299089,1521692353,0xd43424102fce7b967b3b1f0fc52152da401e5510,0x1fc4293cddfe48558d04c43e8c525bae96b80b9d,548.3729999999999,,0x,0
530,0x18969f15148db31f97c59784eb8189cf81354dec07a5a2278b9000a3de76f441,5299209,1521694056,0xb01cb49fe0d6d6e47edf3a072d15dfe73155331c,0xd43424102fce7b967b3b1f0fc52152da401e5510,187.18,,0x,0
531,0x2b0086c1ff881ebafd9b63b7ef298278cb56a85b980770fe88a7e4a297cb4d74,5299209,1521694056,0xb01cb49fe0d6d6e47edf3a072d15dfe73155331c,0xd43424102fce7b967b3b1f0fc52152da401e5510,187.18,,0x,0
561,0xcc8b3a33f2d78b3ca109decddcbff424e4634ea1f96d9097ed68d6794640167e,5311939,1521878191,0x832cd5b8d8f54533e58709e55435e8f6c1513c83,0xd43424102fce7b967b3b1f0fc52152da401e5510,0.73175,,0x,0
562,0xcd7d142d7bc9c8c97caa6d2bd3e426567acd69d016b5336d3c1680f51a09c9bf,5313270,1521896587,0x832cd5b8d8f54533e58709e55435e8f6c1513c83,0xd43424102fce7b967b3b1f0fc52152da401e5510,475.0,,0x,0
563,0x69f7f1341e3848532b535a3980fb60a35de53c54e2b845e4655b7b87daf37466,5313446,1521899337,0xd551234ae421e3bcba99a0da6d736074f22192ff,0xd43424102fce7b967b3b1f0fc52152da401e5510,14.9789,,0x,0
576,0xd4b9d8d3ee0f12d3db2701dbfbc1cdcb964e4afcfceb58fab19acbed8e7023c2,5322720,1522031798,0xd43424102fce7b967b3b1f0fc52152da401e5510,0x9099fb18b043c799d17c6534fc7ae9692ab626a4,267.0,,0x,0
599,0xd517b2e0621659ffd821eb7c47480220bdb8932a10819ffd34f21eaa3a335332,5334299,1522199791,0xd43424102fce7b967b3b1f0fc52152da401e5510,0xd5e34109011745bede0de9155ff0e3c0218cc70e,209.79754599999998,,0x,0
600,0x2a438b7bb1e07d6ae47cf5b5db7d3b10e8687ea606db09ef3dd3ca56311df893,5337784,1522251161,0xd43424102fce7b967b3b1f0fc52152da401e5510,0x764dced4d4ff627a8a39e17389f9f89d2bfcf9c9,0.588,,0x,0
601,0x110f1b9c56c894fd27bedc6be279cbf76c68068386500fe165dcd7e6b67b6410,5340245,1522286082,0xd43424102fce7b967b3b1f0fc52152da401e5510,0x764dced4d4ff627a8a39e17389f9f89d2bfcf9c9,14.0,,0x,0
618,0x532f7504f2d45ebd19f8921bd8b509ddab1cb48d35ca8637676cddf557a3a421,5366138,1522659755,0xd43424102fce7b967b3b1f0fc52152da401e5510,0x764dced4d4ff627a8a39e17389f9f89d2bfcf9c9,0.0001,,0x,0
619,0xfc61255df18c225e4f0f3925ea3f2dc1e9954889fd50f24ef7285a24d6804877,5366285,1522661934,0x33cc1c2364e87a987da97045b78c2ab4259f8b26,0xd43424102fce7b967b3b1f0fc52152da401e5510,442.0,,0x,0
620,0x8d3ae06ccf5e494b7ba5fa3b7aad3c56766f9b657fa527fca7e1b40742c77cb3,5366309,1522662204,0xb89c5521f239b558217e2072a1aa71474ebe58a0,0xd43424102fce7b967b3b1f0fc52152da401e5510,47.573175000000006,,0x,0
622,0x8f908bbef5399d4b6e2f08014a7f0e45978bab6fb77cfb4a3b6b52e26edca470,5366772,1522668585,0xd43424102fce7b967b3b1f0fc52152da401e5510,0x764dced4d4ff627a8a39e17389f9f89d2bfcf9c9,275.0,,0x,0
632,0x8eda49a0624e25dbc67112529af32fb95b9a5c8cb9bc8aa771005fbaf59b1773,5372367,1522749035,0xd43424102fce7b967b3b1f0fc52152da401e5510,0xb35c6fdc4a25958ad515ec8c7d9e5fd6b6fe121c,1e-05,,0x,0
633,0x98564e8bab2094022f3099ec93eedeac1312f3623af915d6cd6f6005591baacd,5372854,1522755910,0x94b2aaf909431120d766daf309dd9b0eb4ce18c5,0xd43424102fce7b967b3b1f0fc52152da401e5510,0.1624,,0x,0
634,0xdc76c1f095d9a7d01e2de0fa2dd357e324164daa4e19490cba2fead63c9b12c1,5373854,1522770531,0x94b2aaf909431120d766daf309dd9b0eb4ce18c5,0xd43424102fce7b967b3b1f0fc52152da401e5510,1694.0,,0x,0
635,0x4030e29ce6801852e353ba6e3e55512a8b51254b7937400f0ad94e6836debae8,5376935,1522814125,0xd43424102fce7b967b3b1f0fc52152da401e5510,0x2b7d13fd3feece99a58c4fc3c48780c3f0eb6e9c,0.0001,,0x,0
642,0xb536dffce3e3cc54e877df11f6dc430c93071f53366d81e843f2aebc4ced742c,5389067,1522988028,0xd43424102fce7b967b3b1f0fc52152da401e5510,0x89613272326e1b9958b22a342574f0750305b968,0.0001,,0x,0
643,0x5f5cd44ff329e308513ad6f4acde8cabd5a4758e937f92822d3b533932019dfb,5389212,1522990147,0xd43424102fce7b967b3b1f0fc52152da401e5510,0x89613272326e1b9958b22a342574f0750305b968,788.457,,0x,0
644,0x41fdb42812ca11c87e2b89add89154c98b3180daf6dbfa7a070443a107fd496c,5389481,1522994297,0xd43424102fce7b967b3b1f0fc52152da401e5510,0x2b7d13fd3feece99a58c4fc3c48780c3f0eb6e9c,1694.0,,0x,0
645,0x7b27601158eb27902cc9f284b1718219d2b87c6908d4ec385038821ca01c71dd,5389484,1522994319,0xd43424102fce7b967b3b1f0fc52152da401e5510,0x2b7d13fd3feece99a58c4fc3c48780c3f0eb6e9c,40.0,,0x,0
647,0x7011aa0687989a22de45187150f73b217ac15766c0d9c9fe4e6fc6a2ca74225d,5389512,1522994643,0xd43424102fce7b967b3b1f0fc52152da401e5510,0x2b7d13fd3feece99a58c4fc3c48780c3f0eb6e9c,40.0,,0x,0
649,0x666bac2cb5891f61272e44cb385f6e026238efedf8b3e8617b64cf1773861735,5389812,1522998813,0xd43424102fce7b967b3b1f0fc52152da401e5510,0xfd48237d796dc59917310f5b8a9f120464018cc4,85.42678,,0x,0
658,0xf2791ba7873c01652041a190e223507861f1620922839defbb0d1bcd2f91b4c9,5467294,1524124410,0xd43424102fce7b967b3b1f0fc52152da401e5510,0xce76c5f0353a26faa3a54a237e4400b069afc339,1.0,,0x,0
659,0x4afd36ff7bdc985a586e8dfe7fb5e231af81cc72592e3669628947a05a5062f0,5467565,1524128484,0xd43424102fce7b967b3b1f0fc52152da401e5510,0xce76c5f0353a26faa3a54a237e4400b069afc339,950.0,,0x,0
660,0xa5d73f2cd0c563cdc44f0f5ce7f9faf98c8ccf02c686c07b54f3c11349cd595e,5519335,1524899862,0xd43424102fce7b967b3b1f0fc52152da401e5510,0xfd48237d796dc59917310f5b8a9f120464018cc4,73.0,,0x,0
824,0x4ac6cd7c6152d014a4d839e95898654c87969e562acb55318925b54be5ccc3c4,5622488,1526457531,0xd43424102fce7b967b3b1f0fc52152da401e5510,0x764dced4d4ff627a8a39e17389f9f89d2bfcf9c9,19.112,,0x,0
839,0x6202f6fb84ad3d449044ea7af2b71ddcd113bee63180f7f1c11bfa64ed35fe89,5661472,1527054010,0x89613272326e1b9958b22a342574f0750305b968,0xd43424102fce7b967b3b1f0fc52152da401e5510,107.87,,0x,0
996,0x9250210cca14562fbaf3bec41c72cef21aeb10691f73e828b032dff399778fe1,5767951,1528685242,0xb06481dcb3e5d0261659acc689d8542483e24bba,0xd43424102fce7b967b3b1f0fc52152da401e5510,0.001,,0x,0
997,0xd7e5bfe6eb92246bc0b8b18a7cb0e020e9b9973c6b5714af8b9488beac32e707,5767972,1528685703,0xb06481dcb3e5d0261659acc689d8542483e24bba,0xd43424102fce7b967b3b1f0fc52152da401e5510,3000.0,,0x,0
998,0xcbc8b53605af28bac796af46863bbff42d7a6dd752fe751fd8477bda4072eedf,5768059,1528687104,0xd43424102fce7b967b3b1f0fc52152da401e5510,0xee3f30afe4b2a1d2ff3d8dd3e652ae03615fe071,2324.859057,,0x,0
999,0x1b00634205d11dea46190f4f45012fe42d021c83a002ebaa1876cc93cc2e81bd,5771476,1528739063,0xcdfe1185f634d693d0c6b15be1a35b4cdcae0914,0xd43424102fce7b967b3b1f0fc52152da401e5510,1316.6298771200002,,0x,0
1000,0x365a44c5061f403177266ddea0e47bb4ccf0da909fd87143dbcafb45eea05432,5798599,1529146325,0xd43424102fce7b967b3b1f0fc52152da401e5510,0x7c3ea07367736d926cf704c46add6eab8ce12736,2.0,,0x,0
1004,0xede573f646642c672f5daaa77ccff32ee0c0e7969a7a8509b334d483d63024c9,5854637,1529973353,0xcdfe1185f634d693d0c6b15be1a35b4cdcae0914,0xd43424102fce7b967b3b1f0fc52152da401e5510,135.61612288,,0x,0
1014,0x9d636be64526ccb49f8b1645fdcf5730d1ffbd3fc3b74425c05dfdba8f392930,5989487,1531963402,0xd43424102fce7b967b3b1f0fc52152da401e5510,0x6040b4f4f2284ff096eaf106da25c99fee331ade,630.315,,0x,0
1046,0x70e964f6011f8d0a5ce48536f4f2ed5c439fc8d731fedfc24506d8567e01bb22,6060614,1533003480,0xd43424102fce7b967b3b1f0fc52152da401e5510,0xd1dfe935ad183e29f8d76e5d26b9857a72551524,1079.81,,0x,0
1062,0xfac8f96f0a7c949e8b7236d457971cc30944798d168cc284defd25bef95f792b,6190756,1534903931,0xd43424102fce7b967b3b1f0fc52152da401e5510,0xdc739fc43e3f87b7457d50053e1828e7d9ddb049,35.86,,0x,0
1063,0x0f708e2f6a4883e4a6be7c756073c3292d5ca99ec90b69e9fc55b2a4581ab050,6267721,1536026796,0xd43424102fce7b967b3b1f0fc52152da401e5510,0x97580846bd5523acaa05c0fb2a930714d7eab02c,328.0,,0x,0
1081,0x14903c0d79b93b73fbade53e9279d6005b8b2ff8927243a4c155720d76c66971,6706920,1542255410,0xd43424102fce7b967b3b1f0fc52152da401e5510,0x89dfdee27735fcd9b6c241174aa839ee842b2a0d,0.001,,0x,0
1082,0xbad9915668f8ea8e2b7bfb8a10e88f5491e9d77a2568d3ca07b638530ed27214,6707540,1542264461,0xfbb1b73c4f0bda4f67dca266ce6ef42f520fbb98,0xd43424102fce7b967b3b1f0fc52152da401e5510,1.0,,0x,0
1083,0x3f7aa2332346e237db6be1eee08fdf1c8e9c15e4d854577e088380c543cccea8,6707808,1542268108,0xfbb1b73c4f0bda4f67dca266ce6ef42f520fbb98,0xd43424102fce7b967b3b1f0fc52152da401e5510,9122.993999999999,,0x,0
1084,0xb31ae446bc3e628f9e91316729535aa3c106510a1840a3c9384fa192172ca9fd,6707957,1542270115,0xd43424102fce7b967b3b1f0fc52152da401e5510,0x89dfdee27735fcd9b6c241174aa839ee842b2a0d,9009.85,,0x,0
1085,0x34950829b5399a5163c35843f338305aefbff1f79a05a19967d307ae372aeee9,6708045,1542271094,0xfbb1b73c4f0bda4f67dca266ce6ef42f520fbb98,0xd43424102fce7b967b3b1f0fc52152da401e5510,1999.93496121,,0x,0
1086,0x41aa4576c0cedcbab05c0b5da7d78eb133e0daf146e52e973c117e924f5639e2,6711087,1542314337,0xdb7a106a9581acf2793652b4f5d1f9c70dd09337,0xd43424102fce7b967b3b1f0fc52152da401e5510,5420.05344454,,0x,0
1088,0xa4e11eedec94cef8de5630374db6dddbbba0cef43efa1fda3ecbe961f36bcc18,6734050,1542638270,0xdb7a106a9581acf2793652b4f5d1f9c70dd09337,0xd43424102fce7b967b3b1f0fc52152da401e5510,1857.52535846,,0x,0
1090,0x3679e473e898b254f8cd9638b3b8ed5363ed869c50aa0997ed506b68c3db78e6,6907944,1545120114,0xd43424102fce7b967b3b1f0fc52152da401e5510,0x3a7898c1d46eb8d9243664891fc0485e91873509,240.0,,0x,0
1091,0x9b68254451d12bdafacea5d8b719794bba6750262e8e1a8c5cb0a24f514d00ef,7205053,1549854115,0xd43424102fce7b967b3b1f0fc52152da401e5510,0x61c344a1fb301e9d0b71430ac9821b772cb81335,0.001,,0x,0
1092,0xc4ef85d3ad737f9766e299cfd9585448eaf0b8551a2e2582eba42c17a2b3c51b,7207592,1549905779,0xd43424102fce7b967b3b1f0fc52152da401e5510,0x61c344a1fb301e9d0b71430ac9821b772cb81335,9500.758,,0x,0
1093,0x159b50dcc68c80f86f511b851cb93c35bd06226f61e6396cd0ca17d276ed097e,7451502,1553701490,0xd43424102fce7b967b3b1f0fc52152da401e5510,0xe9173c11857411352bfa6233600b31d38e97317b,0.001,,0x,0
